0 FILE m6B8E5017_202492_125742.dat
0 rob-1
0 Name:  m6B8E5017_202492_125742.dat
0 Author:  
0 BL_Item_No rob-1
0 BFC CERTIFY CCW
3 16 -5.385 -10.000 18.462 -5.519 -8.895 18.846 -5.913 -7.855 18.462
3 16 -5.385 -10.000 18.846 -5.519 -8.895 18.846 -5.385 -10.000 18.462
3 16 -5.913 -7.855 18.462 -6.545 -6.939 18.846 -7.378 -6.202 18.462
3 16 -5.913 -7.855 18.846 -6.545 -6.939 18.846 -5.913 -7.855 18.462
3 16 -7.378 -6.202 18.462 -8.363 -5.685 18.846 -9.444 -5.418 18.462
3 16 -7.378 -6.202 18.846 -8.363 -5.685 18.846 -7.378 -6.202 18.462
3 16 -9.444 -5.418 18.462 -10.556 -5.418 18.846 -11.637 -5.685 18.462
3 16 -9.444 -5.418 18.846 -10.556 -5.418 18.846 -9.444 -5.418 18.462
3 16 -11.637 -5.685 18.462 -12.622 -6.202 18.846 -13.455 -6.939 18.462
3 16 -11.637 -5.685 18.846 -12.622 -6.202 18.846 -11.637 -5.685 18.462
3 16 -13.455 -6.939 18.462 -14.087 -7.855 18.846 -14.481 -8.895 18.462
3 16 -13.455 -6.939 18.846 -14.087 -7.855 18.846 -13.455 -6.939 18.462
3 16 -14.481 -8.895 18.462 -14.615 -10.000 18.846 -14.481 -11.105 18.462
3 16 -14.481 -8.895 18.846 -14.615 -10.000 18.846 -14.481 -8.895 18.462
3 16 -14.481 -11.105 18.846 -14.087 -12.145 18.846 -14.481 -11.105 18.462
3 16 -13.455 -13.061 18.462 -14.481 -11.105 18.462 -14.087 -12.145 18.846
3 16 -13.455 -13.061 18.846 -12.622 -13.798 18.846 -13.455 -13.061 18.462
3 16 -11.637 -14.315 18.462 -13.455 -13.061 18.462 -12.622 -13.798 18.846
3 16 -11.637 -14.315 18.462 -10.556 -14.582 18.846 -9.444 -14.582 18.462
3 16 -11.637 -14.315 18.846 -10.556 -14.582 18.846 -11.637 -14.315 18.462
3 16 -9.444 -14.582 18.462 -8.363 -14.315 18.846 -7.378 -13.798 18.462
3 16 -9.444 -14.582 18.846 -8.363 -14.315 18.846 -9.444 -14.582 18.462
3 16 -7.378 -13.798 18.462 -6.545 -13.061 18.846 -5.913 -12.145 18.462
3 16 -7.378 -13.798 18.846 -6.545 -13.061 18.846 -7.378 -13.798 18.462
3 16 -5.913 -12.145 18.462 -5.519 -11.105 18.846 -5.385 -10.000 18.462
3 16 -5.913 -12.145 18.846 -5.519 -11.105 18.846 -5.913 -12.145 18.462
3 16 -5.385 -10.000 18.846 -5.385 -10.000 18.462 -5.519 -11.105 18.846
3 16 -5.913 -12.145 18.846 -5.913 -12.145 18.462 -6.545 -13.061 18.846
3 16 -7.378 -13.798 18.846 -7.378 -13.798 18.462 -8.363 -14.315 18.846
3 16 -9.444 -14.582 18.846 -9.444 -14.582 18.462 -10.556 -14.582 18.846
3 16 -11.637 -14.315 18.846 -11.637 -14.315 18.462 -12.622 -13.798 18.846
3 16 -13.455 -13.061 18.846 -13.455 -13.061 18.462 -14.087 -12.145 18.846
3 16 -14.481 -11.105 18.846 -14.481 -11.105 18.462 -14.615 -10.000 18.846
3 16 -14.481 -8.895 18.846 -14.481 -8.895 18.462 -14.087 -7.855 18.846
3 16 -13.455 -6.939 18.846 -13.455 -6.939 18.462 -12.622 -6.202 18.846
3 16 -11.637 -5.685 18.846 -11.637 -5.685 18.462 -10.556 -5.418 18.846
3 16 -9.444 -5.418 18.846 -9.444 -5.418 18.462 -8.363 -5.685 18.846
3 16 -7.378 -6.202 18.846 -7.378 -6.202 18.462 -6.545 -6.939 18.846
3 16 -5.913 -7.855 18.846 -5.913 -7.855 18.462 -5.519 -8.895 18.846
3 16 -15.108 -12.681 20.000 -14.481 -11.105 18.846 -15.769 -10.000 20.000
3 16 -14.087 -12.145 18.846 -14.481 -11.105 18.846 -15.108 -12.681 20.000
3 16 -13.277 -14.748 20.000 -13.455 -13.061 18.846 -15.108 -12.681 20.000
3 16 -12.622 -13.798 18.846 -13.455 -13.061 18.846 -13.277 -14.748 20.000
3 16 -10.695 -15.727 20.000 -11.637 -14.315 18.846 -13.277 -14.748 20.000
3 16 -10.556 -14.582 18.846 -11.637 -14.315 18.846 -10.695 -15.727 20.000
3 16 -7.954 -15.394 20.000 -9.444 -14.582 18.846 -10.695 -15.727 20.000
3 16 -8.363 -14.315 18.846 -9.444 -14.582 18.846 -7.954 -15.394 20.000
3 16 -5.682 -13.826 20.000 -7.378 -13.798 18.846 -7.954 -15.394 20.000
3 16 -6.545 -13.061 18.846 -7.378 -13.798 18.846 -5.682 -13.826 20.000
3 16 -5.519 -11.105 18.846 -5.913 -12.145 18.846 -4.398 -11.381 20.000
3 16 -5.682 -13.826 20.000 -4.398 -11.381 20.000 -5.913 -12.145 18.846
3 16 -5.385 -10.000 18.846 -5.519 -11.105 18.846 -4.231 -10.000 20.000
3 16 -5.519 -8.895 18.846 -5.385 -10.000 18.846 -4.398 -8.619 20.000
3 16 -4.231 -10.000 20.000 -4.398 -8.619 20.000 -5.385 -10.000 18.846
3 16 -5.682 -6.174 20.000 -5.913 -7.855 18.846 -4.398 -8.619 20.000
3 16 -6.545 -6.939 18.846 -5.913 -7.855 18.846 -5.682 -6.174 20.000
3 16 -7.954 -4.606 20.000 -7.378 -6.202 18.846 -5.682 -6.174 20.000
3 16 -8.363 -5.685 18.846 -7.378 -6.202 18.846 -7.954 -4.606 20.000
3 16 -10.695 -4.273 20.000 -9.444 -5.418 18.846 -7.954 -4.606 20.000
3 16 -10.556 -5.418 18.846 -9.444 -5.418 18.846 -10.695 -4.273 20.000
3 16 -13.277 -5.252 20.000 -11.637 -5.685 18.846 -10.695 -4.273 20.000
3 16 -12.622 -6.202 18.846 -11.637 -5.685 18.846 -13.277 -5.252 20.000
3 16 -15.108 -7.319 20.000 -13.455 -6.939 18.846 -13.277 -5.252 20.000
3 16 -14.087 -7.855 18.846 -13.455 -6.939 18.846 -15.108 -7.319 20.000
3 16 -15.769 -10.000 20.000 -14.481 -8.895 18.846 -15.108 -7.319 20.000
3 16 -14.615 -10.000 18.846 -14.481 -8.895 18.846 -15.769 -10.000 20.000
3 16 -14.087 -7.855 18.846 -15.108 -7.319 20.000 -14.481 -8.895 18.846
3 16 -12.622 -6.202 18.846 -13.277 -5.252 20.000 -13.455 -6.939 18.846
3 16 -10.556 -5.418 18.846 -10.695 -4.273 20.000 -11.637 -5.685 18.846
3 16 -8.363 -5.685 18.846 -7.954 -4.606 20.000 -9.444 -5.418 18.846
3 16 -6.545 -6.939 18.846 -5.682 -6.174 20.000 -7.378 -6.202 18.846
3 16 -5.519 -8.895 18.846 -4.398 -8.619 20.000 -5.913 -7.855 18.846
3 16 -4.398 -11.381 20.000 -4.231 -10.000 20.000 -5.519 -11.105 18.846
3 16 -6.545 -13.061 18.846 -5.682 -13.826 20.000 -5.913 -12.145 18.846
3 16 -8.363 -14.315 18.846 -7.954 -15.394 20.000 -7.378 -13.798 18.846
3 16 -10.556 -14.582 18.846 -10.695 -15.727 20.000 -9.444 -14.582 18.846
3 16 -12.622 -13.798 18.846 -13.277 -14.748 20.000 -11.637 -14.315 18.846
3 16 -14.087 -12.145 18.846 -15.108 -12.681 20.000 -13.455 -13.061 18.846
3 16 -14.615 -10.000 18.846 -15.769 -10.000 20.000 -14.481 -11.105 18.846
3 16 -4.398 -8.619 20.000 -4.231 -10.000 20.000 -2.308 -2.308 20.000
3 16 -17.692 -2.308 20.000 -10.695 -4.273 20.000 -2.308 -2.308 20.000
3 16 -2.308 -17.692 20.000 -2.308 -2.308 20.000 -4.231 -10.000 20.000
3 16 -7.954 -4.606 20.000 -2.308 -2.308 20.000 -10.695 -4.273 20.000
3 16 -4.398 -11.381 20.000 -2.308 -17.692 20.000 -4.231 -10.000 20.000
3 16 -13.277 -5.252 20.000 -10.695 -4.273 20.000 -17.692 -2.308 20.000
3 16 -15.108 -12.681 20.000 -15.769 -10.000 20.000 -17.692 -17.692 20.000
3 16 -10.695 -15.727 20.000 -13.277 -14.748 20.000 -17.692 -17.692 20.000
3 16 -7.954 -15.394 20.000 -10.695 -15.727 20.000 -2.308 -17.692 20.000
3 16 -5.682 -6.174 20.000 -4.398 -8.619 20.000 -2.308 -2.308 20.000
3 16 -15.108 -7.319 20.000 -13.277 -5.252 20.000 -17.692 -2.308 20.000
3 16 -15.108 -12.681 20.000 -17.692 -17.692 20.000 -13.277 -14.748 20.000
3 16 -5.682 -13.826 20.000 -7.954 -15.394 20.000 -2.308 -17.692 20.000
3 16 -5.682 -6.174 20.000 -2.308 -2.308 20.000 -7.954 -4.606 20.000
3 16 -17.692 -17.692 20.000 -2.308 -17.692 20.000 -10.695 -15.727 20.000
3 16 -15.769 -10.000 20.000 -15.108 -7.319 20.000 -17.692 -2.308 20.000
3 16 -5.682 -13.826 20.000 -2.308 -17.692 20.000 -4.398 -11.381 20.000
3 16 -17.692 -2.308 20.000 -17.692 -17.692 20.000 -15.769 -10.000 20.000
3 16 -2.308 -20.000 17.692 -2.308 -17.692 20.000 -17.692 -20.000 17.692
3 16 -17.692 -17.692 20.000 -17.692 -20.000 17.692 -2.308 -17.692 20.000
3 16 -17.692 -17.692 20.000 -20.000 -17.692 17.692 -17.692 -20.000 17.692
3 16 -2.308 -20.000 17.692 0.000 -17.692 17.692 -2.308 -17.692 20.000
3 16 -17.692 -20.000 15.000 -2.308 -20.000 15.000 -17.692 -20.000 17.692
3 16 -2.308 -20.000 17.692 -17.692 -20.000 17.692 -2.308 -20.000 15.000
3 16 -20.000 -2.308 17.692 -20.000 -17.692 17.692 -17.692 -2.308 20.000
3 16 -17.692 -17.692 20.000 -17.692 -2.308 20.000 -20.000 -17.692 17.692
3 16 -20.000 -17.692 15.000 -17.692 -20.000 15.000 -20.000 -17.692 17.692
3 16 -17.692 -20.000 17.692 -20.000 -17.692 17.692 -17.692 -20.000 15.000
3 16 -17.692 0.000 17.692 -20.000 -2.308 17.692 -17.692 -2.308 20.000
3 16 -20.000 -15.727 9.305 -20.000 -16.726 10.143 -20.000 -15.394 12.046
3 16 -20.000 -15.394 12.046 -20.000 -17.692 15.000 -20.000 -13.826 14.318
3 16 -20.000 -2.308 17.692 -20.000 -8.619 15.602 -20.000 -17.692 17.692
3 16 -20.000 -10.000 4.231 -20.000 -7.319 4.892 -20.000 -9.857 3.274
3 16 -20.000 -17.692 15.000 -20.000 -15.394 12.046 -20.000 -16.726 10.143
3 16 -20.000 -11.381 15.602 -20.000 -13.826 14.318 -20.000 -17.692 17.692
3 16 -20.000 -6.174 14.318 -20.000 -8.619 15.602 -20.000 -2.308 17.692
3 16 -20.000 -2.308 2.308 -20.000 -4.273 9.305 -20.000 -2.308 17.692
3 16 -20.000 -2.308 2.308 -20.000 -5.000 2.308 -20.000 -5.252 6.723
3 16 -20.000 -12.663 4.882 -20.000 -10.000 4.231 -20.000 -9.857 3.274
3 16 -20.000 -17.692 17.692 -20.000 -13.826 14.318 -20.000 -17.692 15.000
3 16 -20.000 -4.606 12.046 -20.000 -6.174 14.318 -20.000 -2.308 17.692
3 16 -20.000 -5.252 6.723 -20.000 -4.273 9.305 -20.000 -2.308 2.308
3 16 -20.000 -5.000 2.308 -20.000 -9.857 3.274 -20.000 -7.319 4.892
3 16 -20.000 -11.381 15.602 -20.000 -17.692 17.692 -20.000 -8.619 15.602
3 16 -20.000 -7.319 4.892 -20.000 -5.252 6.723 -20.000 -5.000 2.308
3 16 -20.000 -4.606 12.046 -20.000 -2.308 17.692 -20.000 -4.273 9.305
3 16 -20.000 -15.118 7.337 -20.000 -16.726 10.143 -20.000 -15.727 9.305
3 16 -20.000 -17.692 15.000 -20.000 -16.726 10.143 -17.692 -20.000 15.000
3 16 -20.000 -9.857 3.274 -20.000 -5.000 2.308 -17.692 -10.740 1.142
3 16 -20.000 -16.726 10.143 -20.000 -15.118 7.337 -17.692 -18.858 9.260
3 16 -17.692 -15.607 4.393 -17.692 -18.858 9.260 -20.000 -15.118 7.337
3 16 -17.692 -15.607 4.393 -20.000 -12.663 4.882 -17.692 -10.740 1.142
3 16 -19.926 -14.023 5.969 -20.000 -12.663 4.882 -17.692 -15.607 4.393
3 16 -20.000 -9.857 3.274 -17.692 -10.740 1.142 -20.000 -12.663 4.882
3 16 -19.926 -14.023 5.969 -17.692 -15.607 4.393 -20.000 -15.118 7.337
3 16 -17.692 -5.000 0.000 -17.692 -10.740 1.142 -20.000 -5.000 2.308
3 16 -17.692 -18.858 9.260 -17.692 -20.000 15.000 -20.000 -16.726 10.143
3 16 -20.000 -15.394 12.046 -18.846 -14.315 11.637 -20.000 -15.727 9.305
3 16 -20.000 -13.826 14.318 -18.846 -13.061 13.455 -20.000 -15.394 12.046
3 16 -20.000 -11.381 15.602 -18.846 -11.105 14.481 -20.000 -13.826 14.318
3 16 -20.000 -8.619 15.602 -18.846 -10.000 14.615 -20.000 -11.381 15.602
3 16 -18.846 -8.895 14.481 -18.846 -10.000 14.615 -20.000 -8.619 15.602
3 16 -20.000 -6.174 14.318 -18.846 -6.939 13.455 -20.000 -8.619 15.602
3 16 -20.000 -4.606 12.046 -18.846 -5.685 11.637 -20.000 -6.174 14.318
3 16 -20.000 -4.273 9.305 -18.846 -5.418 9.444 -20.000 -4.606 12.046
3 16 -20.000 -5.252 6.723 -18.846 -6.202 7.378 -20.000 -4.273 9.305
3 16 -20.000 -7.319 4.892 -18.846 -7.855 5.913 -20.000 -5.252 6.723
3 16 -20.000 -10.000 4.231 -18.846 -10.000 5.385 -20.000 -7.319 4.892
3 16 -18.846 -12.145 5.913 -18.846 -10.000 5.385 -20.000 -12.663 4.882
3 16 -20.000 -12.663 4.882 -19.926 -14.023 5.969 -18.846 -12.145 5.913
3 16 -18.846 -13.798 7.378 -18.846 -12.145 5.913 -19.926 -14.023 5.969
3 16 -18.846 -13.798 7.378 -20.000 -15.118 7.337 -18.846 -14.582 9.444
3 16 -20.000 -15.727 9.305 -18.846 -14.582 9.444 -20.000 -15.118 7.337
3 16 -20.000 -15.118 7.337 -18.846 -13.798 7.378 -19.926 -14.023 5.969
3 16 -20.000 -10.000 4.231 -20.000 -12.663 4.882 -18.846 -10.000 5.385
3 16 -18.846 -7.855 5.913 -20.000 -7.319 4.892 -18.846 -10.000 5.385
3 16 -18.846 -6.202 7.378 -20.000 -5.252 6.723 -18.846 -7.855 5.913
3 16 -18.846 -5.418 9.444 -20.000 -4.273 9.305 -18.846 -6.202 7.378
3 16 -18.846 -5.685 11.637 -20.000 -4.606 12.046 -18.846 -5.418 9.444
3 16 -18.846 -6.939 13.455 -20.000 -6.174 14.318 -18.846 -5.685 11.637
3 16 -18.846 -8.895 14.481 -20.000 -8.619 15.602 -18.846 -6.939 13.455
3 16 -18.846 -11.105 14.481 -20.000 -11.381 15.602 -18.846 -10.000 14.615
3 16 -18.846 -13.061 13.455 -20.000 -13.826 14.318 -18.846 -11.105 14.481
3 16 -18.846 -14.315 11.637 -20.000 -15.394 12.046 -18.846 -13.061 13.455
3 16 -18.846 -14.582 9.444 -20.000 -15.727 9.305 -18.846 -14.315 11.637
3 16 -18.846 -10.000 5.385 -18.462 -8.895 5.519 -18.846 -7.855 5.913
3 16 -18.462 -10.000 5.385 -18.462 -8.895 5.519 -18.846 -10.000 5.385
3 16 -18.846 -7.855 5.913 -18.462 -6.939 6.545 -18.846 -6.202 7.378
3 16 -18.462 -7.855 5.913 -18.462 -6.939 6.545 -18.846 -7.855 5.913
3 16 -18.846 -6.202 7.378 -18.462 -5.685 8.363 -18.846 -5.418 9.444
3 16 -18.462 -6.202 7.378 -18.462 -5.685 8.363 -18.846 -6.202 7.378
3 16 -18.846 -5.418 9.444 -18.462 -5.418 10.556 -18.846 -5.685 11.637
3 16 -18.462 -5.418 9.444 -18.462 -5.418 10.556 -18.846 -5.418 9.444
3 16 -18.846 -5.685 11.637 -18.462 -6.202 12.622 -18.846 -6.939 13.455
3 16 -18.462 -5.685 11.637 -18.462 -6.202 12.622 -18.846 -5.685 11.637
3 16 -18.846 -6.939 13.455 -18.462 -7.855 14.087 -18.846 -8.895 14.481
3 16 -18.462 -6.939 13.455 -18.462 -7.855 14.087 -18.846 -6.939 13.455
3 16 -18.846 -10.000 14.615 -18.462 -10.000 14.615 -18.846 -11.105 14.481
3 16 -18.462 -10.000 14.615 -18.846 -10.000 14.615 -18.462 -8.895 14.481
3 16 -18.846 -8.895 14.481 -18.462 -8.895 14.481 -18.846 -10.000 14.615
3 16 -18.846 -11.105 14.481 -18.462 -12.145 14.087 -18.846 -13.061 13.455
3 16 -18.462 -11.105 14.481 -18.462 -12.145 14.087 -18.846 -11.105 14.481
3 16 -18.846 -13.061 13.455 -18.462 -13.798 12.622 -18.846 -14.315 11.637
3 16 -18.462 -13.061 13.455 -18.462 -13.798 12.622 -18.846 -13.061 13.455
3 16 -18.846 -14.315 11.637 -18.462 -14.582 10.556 -18.846 -14.582 9.444
3 16 -18.462 -14.315 11.637 -18.462 -14.582 10.556 -18.846 -14.315 11.637
3 16 -18.846 -14.582 9.444 -18.462 -14.315 8.363 -18.846 -13.798 7.378
3 16 -18.462 -14.582 9.444 -18.462 -14.315 8.363 -18.846 -14.582 9.444
3 16 -18.846 -13.798 7.378 -18.462 -13.061 6.545 -18.846 -12.145 5.913
3 16 -18.462 -13.798 7.378 -18.462 -13.061 6.545 -18.846 -13.798 7.378
3 16 -18.846 -12.145 5.913 -18.462 -11.105 5.519 -18.846 -10.000 5.385
3 16 -18.462 -12.145 5.913 -18.462 -11.105 5.519 -18.846 -12.145 5.913
3 16 -18.462 -10.000 5.385 -18.846 -10.000 5.385 -18.462 -11.105 5.519
3 16 -18.462 -12.145 5.913 -18.846 -12.145 5.913 -18.462 -13.061 6.545
3 16 -18.462 -13.798 7.378 -18.846 -13.798 7.378 -18.462 -14.315 8.363
3 16 -18.462 -14.582 9.444 -18.846 -14.582 9.444 -18.462 -14.582 10.556
3 16 -18.462 -14.315 11.637 -18.846 -14.315 11.637 -18.462 -13.798 12.622
3 16 -18.462 -13.061 13.455 -18.846 -13.061 13.455 -18.462 -12.145 14.087
3 16 -18.462 -11.105 14.481 -18.846 -11.105 14.481 -18.462 -10.000 14.615
3 16 -18.462 -8.895 14.481 -18.846 -8.895 14.481 -18.462 -7.855 14.087
3 16 -18.462 -6.939 13.455 -18.846 -6.939 13.455 -18.462 -6.202 12.622
3 16 -18.462 -5.685 11.637 -18.846 -5.685 11.637 -18.462 -5.418 10.556
3 16 -18.462 -5.418 9.444 -18.846 -5.418 9.444 -18.462 -5.685 8.363
3 16 -18.462 -6.202 7.378 -18.846 -6.202 7.378 -18.462 -6.939 6.545
3 16 -18.462 -7.855 5.913 -18.846 -7.855 5.913 -18.462 -8.895 5.519
3 16 -2.308 -5.000 0.000 -2.308 -10.740 1.142 -17.692 -5.000 0.000
3 16 -2.308 -10.740 1.142 -2.308 -15.607 4.393 -17.692 -10.740 1.142
3 16 -2.308 -15.607 4.393 -2.308 -18.858 9.260 -17.692 -15.607 4.393
3 16 -2.308 -18.858 9.260 -2.308 -20.000 15.000 -17.692 -18.858 9.260
3 16 -17.692 -20.000 15.000 -17.692 -18.858 9.260 -2.308 -20.000 15.000
3 16 -17.692 -18.858 9.260 -17.692 -15.607 4.393 -2.308 -18.858 9.260
3 16 -17.692 -15.607 4.393 -17.692 -10.740 1.142 -2.308 -15.607 4.393
3 16 -17.692 -10.740 1.142 -17.692 -5.000 0.000 -2.308 -10.740 1.142
3 16 -2.308 -20.000 17.692 -2.308 -20.000 15.000 0.000 -17.692 17.692
3 16 0.000 -17.692 15.000 0.000 -17.692 17.692 -2.308 -20.000 15.000
3 16 -2.308 -17.692 20.000 0.000 -17.692 17.692 -2.308 -2.308 20.000
3 16 0.000 -2.308 17.692 -2.308 -2.308 20.000 0.000 -17.692 17.692
3 16 -17.692 0.000 17.692 -17.692 -2.308 20.000 -2.308 0.000 17.692
3 16 -2.308 -2.308 20.000 -2.308 0.000 17.692 -17.692 -2.308 20.000
3 16 -20.000 -2.308 17.692 -17.692 0.000 17.692 -20.000 -2.308 2.308
3 16 -17.692 0.000 2.308 -20.000 -2.308 2.308 -17.692 0.000 17.692
3 16 -17.692 -2.308 0.000 -17.692 -5.000 0.000 -20.000 -2.308 2.308
3 16 -20.000 -5.000 2.308 -20.000 -2.308 2.308 -17.692 -5.000 0.000
3 16 0.000 -2.308 17.692 -2.308 0.000 17.692 -2.308 -2.308 20.000
3 16 -2.308 0.000 17.692 0.000 -2.308 17.692 -2.308 0.000 2.308
3 16 0.000 -2.308 2.308 -2.308 0.000 2.308 0.000 -2.308 17.692
3 16 -17.692 0.000 2.308 -17.692 -2.308 0.000 -20.000 -2.308 2.308
3 16 -17.692 -2.308 0.000 -17.692 0.000 2.308 -2.308 -2.308 0.000
3 16 -2.308 0.000 2.308 -2.308 -2.308 0.000 -17.692 0.000 2.308
3 16 -17.692 0.000 2.308 -10.000 0.000 4.231 -2.308 0.000 2.308
3 16 -11.381 0.000 4.398 -10.000 0.000 4.231 -17.692 0.000 2.308
3 16 -17.692 0.000 17.692 -15.727 0.000 10.695 -17.692 0.000 2.308
3 16 -13.826 0.000 5.682 -11.381 0.000 4.398 -17.692 0.000 2.308
3 16 -14.748 0.000 13.277 -15.727 0.000 10.695 -17.692 0.000 17.692
3 16 -7.319 0.000 15.108 -10.000 0.000 15.769 -2.308 0.000 17.692
3 16 -4.606 0.000 7.954 -4.273 0.000 10.695 -2.308 0.000 2.308
3 16 -8.619 0.000 4.398 -2.308 0.000 2.308 -10.000 0.000 4.231
3 16 -15.394 0.000 7.954 -17.692 0.000 2.308 -15.727 0.000 10.695
3 16 -10.000 0.000 15.769 -12.681 0.000 15.108 -17.692 0.000 17.692
3 16 -5.252 0.000 13.277 -7.319 0.000 15.108 -2.308 0.000 17.692
3 16 -2.308 0.000 17.692 -2.308 0.000 2.308 -4.273 0.000 10.695
3 16 -6.174 0.000 5.682 -2.308 0.000 2.308 -8.619 0.000 4.398
3 16 -14.748 0.000 13.277 -17.692 0.000 17.692 -12.681 0.000 15.108
3 16 -5.252 0.000 13.277 -2.308 0.000 17.692 -4.273 0.000 10.695
3 16 -13.826 0.000 5.682 -17.692 0.000 2.308 -15.394 0.000 7.954
3 16 -4.606 0.000 7.954 -2.308 0.000 2.308 -6.174 0.000 5.682
3 16 -17.692 0.000 17.692 -2.308 0.000 17.692 -10.000 0.000 15.769
3 16 -2.308 -5.000 0.000 -17.692 -5.000 0.000 -2.308 -2.308 0.000
3 16 -17.692 -2.308 0.000 -2.308 -2.308 0.000 -17.692 -5.000 0.000
3 16 0.000 -5.000 2.308 -2.308 -5.000 0.000 0.000 -2.308 2.308
3 16 -2.308 -2.308 0.000 0.000 -2.308 2.308 -2.308 -5.000 0.000
3 16 -2.308 -2.308 0.000 -2.308 0.000 2.308 0.000 -2.308 2.308
3 16 0.000 -17.692 17.692 0.000 -10.000 15.769 0.000 -2.308 17.692
3 16 0.000 -5.000 2.308 0.000 -7.319 4.892 0.000 -9.857 3.274
3 16 0.000 -11.381 15.602 0.000 -10.000 15.769 0.000 -17.692 17.692
3 16 0.000 -10.000 4.231 0.000 -9.857 3.274 0.000 -7.319 4.892
3 16 0.000 -7.319 4.892 0.000 -5.000 2.308 0.000 -5.252 6.723
3 16 0.000 -4.606 12.046 0.000 -4.273 9.305 0.000 -2.308 17.692
3 16 0.000 -13.826 14.318 0.000 -11.381 15.602 0.000 -17.692 17.692
3 16 0.000 -2.308 2.308 0.000 -5.252 6.723 0.000 -5.000 2.308
3 16 0.000 -6.174 14.318 0.000 -4.606 12.046 0.000 -2.308 17.692
3 16 0.000 -8.619 15.602 0.000 -2.308 17.692 0.000 -10.000 15.769
3 16 0.000 -17.692 15.000 0.000 -16.726 10.143 0.000 -15.394 12.046
3 16 0.000 -4.273 9.305 0.000 -5.252 6.723 0.000 -2.308 2.308
3 16 0.000 -6.174 14.318 0.000 -2.308 17.692 0.000 -8.619 15.602
3 16 0.000 -17.692 17.692 0.000 -17.692 15.000 0.000 -13.826 14.318
3 16 0.000 -15.118 7.337 0.000 -15.727 9.305 0.000 -16.726 10.143
3 16 0.000 -2.308 2.308 0.000 -2.308 17.692 0.000 -4.273 9.305
3 16 0.000 -15.727 9.305 0.000 -15.394 12.046 0.000 -16.726 10.143
3 16 0.000 -15.394 12.046 0.000 -13.826 14.318 0.000 -17.692 15.000
3 16 0.000 -12.663 4.882 0.000 -9.857 3.274 0.000 -10.000 4.231
3 16 0.000 -5.000 2.308 0.000 -9.857 3.274 -2.308 -5.000 0.000
3 16 0.000 -16.726 10.143 0.000 -17.692 15.000 -2.308 -18.858 9.260
3 16 0.000 -9.857 3.274 0.000 -12.663 4.882 -2.308 -10.740 1.142
3 16 -2.308 -15.607 4.393 -2.308 -10.740 1.142 0.000 -12.663 4.882
3 16 -2.308 -15.607 4.393 0.000 -15.118 7.337 -2.308 -18.858 9.260
3 16 -0.074 -14.031 5.977 0.000 -15.118 7.337 -2.308 -15.607 4.393
3 16 0.000 -16.726 10.143 -2.308 -18.858 9.260 0.000 -15.118 7.337
3 16 -0.074 -14.031 5.977 -2.308 -15.607 4.393 0.000 -12.663 4.882
3 16 -2.308 -20.000 15.000 -2.308 -18.858 9.260 0.000 -17.692 15.000
3 16 -2.308 -10.740 1.142 -2.308 -5.000 0.000 0.000 -9.857 3.274
3 16 0.000 -11.381 15.602 -1.154 -11.105 14.481 0.000 -10.000 15.769
3 16 0.000 -13.826 14.318 -1.154 -13.061 13.455 0.000 -11.381 15.602
3 16 0.000 -15.394 12.046 -1.154 -14.315 11.637 0.000 -13.826 14.318
3 16 0.000 -15.727 9.305 -1.154 -14.582 9.444 0.000 -15.394 12.046
3 16 0.000 -7.319 4.892 -1.154 -7.855 5.913 0.000 -10.000 4.231
3 16 0.000 -5.252 6.723 -1.154 -6.202 7.378 0.000 -7.319 4.892
3 16 0.000 -4.273 9.305 -1.154 -5.418 9.444 0.000 -5.252 6.723
3 16 0.000 -4.606 12.046 -1.154 -5.685 11.637 0.000 -4.273 9.305
3 16 0.000 -6.174 14.318 -1.154 -6.939 13.455 0.000 -4.606 12.046
3 16 0.000 -8.619 15.602 -1.154 -8.895 14.481 0.000 -6.174 14.318
3 16 0.000 -10.000 15.769 -1.154 -10.000 14.615 0.000 -8.619 15.602
3 16 0.000 -15.727 9.305 0.000 -15.118 7.337 -1.154 -14.582 9.444
3 16 -1.154 -13.798 7.378 -0.074 -14.031 5.977 -1.154 -12.145 5.913
3 16 0.000 -15.118 7.337 -0.074 -14.031 5.977 -1.154 -13.798 7.378
3 16 0.000 -10.000 4.231 -1.154 -10.000 5.385 0.000 -12.663 4.882
3 16 -1.154 -12.145 5.913 0.000 -12.663 4.882 -1.154 -10.000 5.385
3 16 0.000 -12.663 4.882 -1.154 -12.145 5.913 -0.074 -14.031 5.977
3 16 -1.154 -13.798 7.378 -1.154 -14.582 9.444 0.000 -15.118 7.337
3 16 -1.154 -8.895 14.481 0.000 -8.619 15.602 -1.154 -10.000 14.615
3 16 -1.154 -6.939 13.455 0.000 -6.174 14.318 -1.154 -8.895 14.481
3 16 -1.154 -5.685 11.637 0.000 -4.606 12.046 -1.154 -6.939 13.455
3 16 -1.154 -5.418 9.444 0.000 -4.273 9.305 -1.154 -5.685 11.637
3 16 -1.154 -6.202 7.378 0.000 -5.252 6.723 -1.154 -5.418 9.444
3 16 -1.154 -7.855 5.913 0.000 -7.319 4.892 -1.154 -6.202 7.378
3 16 -1.154 -10.000 5.385 0.000 -10.000 4.231 -1.154 -7.855 5.913
3 16 -1.154 -14.315 11.637 0.000 -15.394 12.046 -1.154 -14.582 9.444
3 16 -1.154 -13.061 13.455 0.000 -13.826 14.318 -1.154 -14.315 11.637
3 16 -1.154 -11.105 14.481 0.000 -11.381 15.602 -1.154 -13.061 13.455
3 16 -1.154 -10.000 14.615 0.000 -10.000 15.769 -1.154 -11.105 14.481
3 16 -7.319 0.000 15.108 -8.895 -1.154 14.481 -10.000 0.000 15.769
3 16 -7.855 -1.154 14.087 -8.895 -1.154 14.481 -7.319 0.000 15.108
3 16 -5.252 0.000 13.277 -6.939 -1.154 13.455 -7.319 0.000 15.108
3 16 -6.202 -1.154 12.622 -6.939 -1.154 13.455 -5.252 0.000 13.277
3 16 -4.273 0.000 10.695 -5.685 -1.154 11.637 -5.252 0.000 13.277
3 16 -5.418 -1.154 10.556 -5.685 -1.154 11.637 -4.273 0.000 10.695
3 16 -4.606 0.000 7.954 -5.418 -1.154 9.444 -4.273 0.000 10.695
3 16 -5.685 -1.154 8.363 -5.418 -1.154 9.444 -4.606 0.000 7.954
3 16 -6.939 -1.154 6.545 -6.202 -1.154 7.378 -6.174 0.000 5.682
3 16 -4.606 0.000 7.954 -6.174 0.000 5.682 -6.202 -1.154 7.378
3 16 -8.619 0.000 4.398 -7.855 -1.154 5.913 -6.174 0.000 5.682
3 16 -8.895 -1.154 5.519 -7.855 -1.154 5.913 -8.619 0.000 4.398
3 16 -10.000 -1.154 5.385 -8.895 -1.154 5.519 -10.000 0.000 4.231
3 16 -11.105 -1.154 5.519 -10.000 -1.154 5.385 -11.381 0.000 4.398
3 16 -10.000 0.000 4.231 -11.381 0.000 4.398 -10.000 -1.154 5.385
3 16 -13.826 0.000 5.682 -12.145 -1.154 5.913 -11.381 0.000 4.398
3 16 -13.061 -1.154 6.545 -12.145 -1.154 5.913 -13.826 0.000 5.682
3 16 -15.394 0.000 7.954 -13.798 -1.154 7.378 -13.826 0.000 5.682
3 16 -14.315 -1.154 8.363 -13.798 -1.154 7.378 -15.394 0.000 7.954
3 16 -15.727 0.000 10.695 -14.582 -1.154 9.444 -15.394 0.000 7.954
3 16 -14.582 -1.154 10.556 -14.582 -1.154 9.444 -15.727 0.000 10.695
3 16 -14.748 0.000 13.277 -14.315 -1.154 11.637 -15.727 0.000 10.695
3 16 -13.798 -1.154 12.622 -14.315 -1.154 11.637 -14.748 0.000 13.277
3 16 -12.681 0.000 15.108 -13.061 -1.154 13.455 -14.748 0.000 13.277
3 16 -12.145 -1.154 14.087 -13.061 -1.154 13.455 -12.681 0.000 15.108
3 16 -10.000 0.000 15.769 -11.105 -1.154 14.481 -12.681 0.000 15.108
3 16 -10.000 -1.154 14.615 -11.105 -1.154 14.481 -10.000 0.000 15.769
3 16 -12.145 -1.154 14.087 -12.681 0.000 15.108 -11.105 -1.154 14.481
3 16 -13.798 -1.154 12.622 -14.748 0.000 13.277 -13.061 -1.154 13.455
3 16 -14.582 -1.154 10.556 -15.727 0.000 10.695 -14.315 -1.154 11.637
3 16 -14.315 -1.154 8.363 -15.394 0.000 7.954 -14.582 -1.154 9.444
3 16 -13.061 -1.154 6.545 -13.826 0.000 5.682 -13.798 -1.154 7.378
3 16 -11.105 -1.154 5.519 -11.381 0.000 4.398 -12.145 -1.154 5.913
3 16 -8.619 0.000 4.398 -10.000 0.000 4.231 -8.895 -1.154 5.519
3 16 -6.939 -1.154 6.545 -6.174 0.000 5.682 -7.855 -1.154 5.913
3 16 -5.685 -1.154 8.363 -4.606 0.000 7.954 -6.202 -1.154 7.378
3 16 -5.418 -1.154 10.556 -4.273 0.000 10.695 -5.418 -1.154 9.444
3 16 -6.202 -1.154 12.622 -5.252 0.000 13.277 -5.685 -1.154 11.637
3 16 -7.855 -1.154 14.087 -7.319 0.000 15.108 -6.939 -1.154 13.455
3 16 -10.000 -1.154 14.615 -10.000 0.000 15.769 -8.895 -1.154 14.481
3 16 -10.000 -1.538 5.385 -11.105 -1.154 5.519 -12.145 -1.538 5.913
3 16 -10.000 -1.154 5.385 -11.105 -1.154 5.519 -10.000 -1.538 5.385
3 16 -12.145 -1.538 5.913 -13.061 -1.154 6.545 -13.798 -1.538 7.378
3 16 -12.145 -1.154 5.913 -13.061 -1.154 6.545 -12.145 -1.538 5.913
3 16 -13.798 -1.538 7.378 -14.315 -1.154 8.363 -14.582 -1.538 9.444
3 16 -13.798 -1.154 7.378 -14.315 -1.154 8.363 -13.798 -1.538 7.378
3 16 -14.582 -1.538 9.444 -14.582 -1.154 10.556 -14.315 -1.538 11.637
3 16 -14.582 -1.154 9.444 -14.582 -1.154 10.556 -14.582 -1.538 9.444
3 16 -14.315 -1.538 11.637 -13.798 -1.154 12.622 -13.061 -1.538 13.455
3 16 -14.315 -1.154 11.637 -13.798 -1.154 12.622 -14.315 -1.538 11.637
3 16 -13.061 -1.538 13.455 -12.145 -1.154 14.087 -11.105 -1.538 14.481
3 16 -13.061 -1.154 13.455 -12.145 -1.154 14.087 -13.061 -1.538 13.455
3 16 -11.105 -1.538 14.481 -10.000 -1.154 14.615 -8.895 -1.538 14.481
3 16 -11.105 -1.154 14.481 -10.000 -1.154 14.615 -11.105 -1.538 14.481
3 16 -8.895 -1.538 14.481 -7.855 -1.154 14.087 -6.939 -1.538 13.455
3 16 -8.895 -1.154 14.481 -7.855 -1.154 14.087 -8.895 -1.538 14.481
3 16 -6.939 -1.538 13.455 -6.202 -1.154 12.622 -5.685 -1.538 11.637
3 16 -6.939 -1.154 13.455 -6.202 -1.154 12.622 -6.939 -1.538 13.455
3 16 -5.685 -1.538 11.637 -5.418 -1.154 10.556 -5.418 -1.538 9.444
3 16 -5.685 -1.154 11.637 -5.418 -1.154 10.556 -5.685 -1.538 11.637
3 16 -5.418 -1.538 9.444 -5.685 -1.154 8.363 -6.202 -1.538 7.378
3 16 -5.418 -1.154 9.444 -5.685 -1.154 8.363 -5.418 -1.538 9.444
3 16 -6.202 -1.538 7.378 -6.939 -1.154 6.545 -7.855 -1.538 5.913
3 16 -6.202 -1.154 7.378 -6.939 -1.154 6.545 -6.202 -1.538 7.378
3 16 -7.855 -1.538 5.913 -8.895 -1.154 5.519 -10.000 -1.538 5.385
3 16 -7.855 -1.154 5.913 -8.895 -1.154 5.519 -7.855 -1.538 5.913
3 16 -10.000 -1.154 5.385 -10.000 -1.538 5.385 -8.895 -1.154 5.519
3 16 -7.855 -1.154 5.913 -7.855 -1.538 5.913 -6.939 -1.154 6.545
3 16 -6.202 -1.154 7.378 -6.202 -1.538 7.378 -5.685 -1.154 8.363
3 16 -5.418 -1.154 9.444 -5.418 -1.538 9.444 -5.418 -1.154 10.556
3 16 -5.685 -1.154 11.637 -5.685 -1.538 11.637 -6.202 -1.154 12.622
3 16 -6.939 -1.154 13.455 -6.939 -1.538 13.455 -7.855 -1.154 14.087
3 16 -8.895 -1.154 14.481 -8.895 -1.538 14.481 -10.000 -1.154 14.615
3 16 -11.105 -1.154 14.481 -11.105 -1.538 14.481 -12.145 -1.154 14.087
3 16 -13.061 -1.154 13.455 -13.061 -1.538 13.455 -13.798 -1.154 12.622
3 16 -14.315 -1.154 11.637 -14.315 -1.538 11.637 -14.582 -1.154 10.556
3 16 -14.582 -1.154 9.444 -14.582 -1.538 9.444 -14.315 -1.154 8.363
3 16 -13.798 -1.154 7.378 -13.798 -1.538 7.378 -13.061 -1.154 6.545
3 16 -12.145 -1.154 5.913 -12.145 -1.538 5.913 -11.105 -1.154 5.519
3 16 -1.538 -10.000 5.385 -1.154 -10.000 5.385 -1.538 -7.855 5.913
3 16 -1.538 -7.855 5.913 -1.154 -7.855 5.913 -1.538 -6.202 7.378
3 16 -1.538 -6.202 7.378 -1.154 -6.202 7.378 -1.538 -5.418 9.444
3 16 -1.538 -5.418 9.444 -1.154 -5.418 9.444 -1.538 -5.685 11.637
3 16 -1.538 -5.685 11.637 -1.154 -5.685 11.637 -1.538 -6.939 13.455
3 16 -1.538 -6.939 13.455 -1.154 -6.939 13.455 -1.538 -8.895 14.481
3 16 -1.538 -8.895 14.481 -1.154 -10.000 14.615 -1.538 -11.105 14.481
3 16 -1.154 -8.895 14.481 -1.154 -10.000 14.615 -1.538 -8.895 14.481
3 16 -1.538 -11.105 14.481 -1.154 -11.105 14.481 -1.538 -13.061 13.455
3 16 -1.538 -13.061 13.455 -1.154 -13.061 13.455 -1.538 -14.315 11.637
3 16 -1.538 -14.315 11.637 -1.154 -14.315 11.637 -1.538 -14.582 9.444
3 16 -1.538 -14.582 9.444 -1.154 -14.582 9.444 -1.538 -13.798 7.378
3 16 -1.538 -13.798 7.378 -1.154 -13.798 7.378 -1.538 -12.145 5.913
3 16 -1.538 -12.145 5.913 -1.154 -12.145 5.913 -1.538 -10.000 5.385
3 16 -1.154 -10.000 5.385 -1.538 -10.000 5.385 -1.154 -12.145 5.913
3 16 -1.154 -12.145 5.913 -1.538 -12.145 5.913 -1.154 -13.798 7.378
3 16 -1.154 -13.798 7.378 -1.538 -13.798 7.378 -1.154 -14.582 9.444
3 16 -1.154 -14.582 9.444 -1.538 -14.582 9.444 -1.154 -14.315 11.637
3 16 -1.154 -14.315 11.637 -1.538 -14.315 11.637 -1.154 -13.061 13.455
3 16 -1.154 -13.061 13.455 -1.538 -13.061 13.455 -1.154 -11.105 14.481
3 16 -1.154 -11.105 14.481 -1.538 -11.105 14.481 -1.154 -10.000 14.615
3 16 -1.154 -8.895 14.481 -1.538 -8.895 14.481 -1.154 -6.939 13.455
3 16 -1.154 -6.939 13.455 -1.538 -6.939 13.455 -1.154 -5.685 11.637
3 16 -1.154 -5.685 11.637 -1.538 -5.685 11.637 -1.154 -5.418 9.444
3 16 -1.154 -5.418 9.444 -1.538 -5.418 9.444 -1.154 -6.202 7.378
3 16 -1.154 -6.202 7.378 -1.538 -6.202 7.378 -1.154 -7.855 5.913
3 16 -1.154 -7.855 5.913 -1.538 -7.855 5.913 -1.154 -10.000 5.385
3 16 -15.000 -13.719 13.672 -18.462 -13.061 13.455 -15.000 -12.429 14.627
3 16 -18.462 -13.061 13.455 -15.000 -13.719 13.672 -18.462 -13.798 12.622
3 16 -15.000 -14.301 12.969 -18.462 -13.798 12.622 -15.000 -13.719 13.672
3 16 -15.000 -15.053 11.331 -18.462 -14.315 11.637 -15.000 -14.301 12.969
3 16 -18.462 -14.315 11.637 -15.000 -15.053 11.331 -18.462 -14.582 10.556
3 16 -15.000 -15.188 10.630 -18.462 -14.582 10.556 -15.000 -15.053 11.331
3 16 -15.000 -15.045 8.637 -18.462 -14.582 9.444 -15.000 -15.188 10.630
3 16 -18.462 -14.582 9.444 -15.000 -15.045 8.637 -18.462 -14.315 8.363
3 16 -15.000 -14.886 8.147 -18.462 -14.315 8.363 -15.000 -15.045 8.637
3 16 -15.000 -13.695 6.305 -18.462 -13.798 7.378 -15.000 -14.886 8.147
3 16 -18.462 -13.798 7.378 -15.000 -13.695 6.305 -18.462 -13.061 6.545
3 16 -15.000 -13.465 6.088 -18.462 -13.061 6.545 -15.000 -13.695 6.305
3 16 -15.000 -11.251 4.926 -18.462 -12.145 5.913 -15.000 -13.465 6.088
3 16 -18.462 -11.105 5.519 -18.462 -12.145 5.913 -15.000 -11.251 4.926
3 16 -15.000 -8.749 4.926 -18.462 -10.000 5.385 -15.000 -11.251 4.926
3 16 -18.462 -8.895 5.519 -18.462 -10.000 5.385 -15.000 -8.749 4.926
3 16 -15.000 -6.535 6.088 -18.462 -7.855 5.913 -15.000 -8.749 4.926
3 16 -18.462 -6.939 6.545 -18.462 -7.855 5.913 -15.000 -6.535 6.088
3 16 -15.000 -5.114 8.147 -18.462 -6.202 7.378 -15.000 -6.535 6.088
3 16 -18.462 -5.685 8.363 -18.462 -6.202 7.378 -15.000 -5.114 8.147
3 16 -15.000 -5.699 12.969 -15.000 -6.305 13.695 -18.462 -6.202 12.622
3 16 -18.462 -7.855 14.087 -18.462 -6.939 13.455 -15.000 -7.571 14.627
3 16 -15.000 -6.305 13.695 -15.000 -7.571 14.627 -18.462 -6.939 13.455
3 16 -15.000 -7.571 14.627 -15.000 -8.481 15.000 -18.462 -7.855 14.087
3 16 -15.000 -8.481 15.000 -15.192 -10.000 15.192 -18.462 -8.895 14.481
3 16 -18.462 -10.000 14.615 -18.462 -8.895 14.481 -15.192 -10.000 15.192
3 16 -15.062 -11.252 15.062 -15.000 -11.519 15.000 -18.462 -12.145 14.087
3 16 -18.462 -10.000 14.615 -15.192 -10.000 15.192 -18.462 -11.105 14.481
3 16 -18.462 -12.145 14.087 -18.462 -11.105 14.481 -15.062 -11.252 15.062
3 16 -15.062 -11.252 15.062 -18.462 -11.105 14.481 -15.192 -10.000 15.192
3 16 -15.159 -4.841 10.634 -18.462 -5.418 10.556 -15.160 -4.840 9.374
3 16 -15.000 -5.000 8.481 -15.160 -4.840 9.374 -18.462 -5.685 8.363
3 16 -15.000 -5.114 8.147 -15.000 -5.000 8.481 -18.462 -5.685 8.363
3 16 -18.462 -5.418 9.444 -18.462 -5.685 8.363 -15.160 -4.840 9.374
3 16 -18.462 -5.418 10.556 -15.159 -4.841 10.634 -18.462 -5.685 11.637
3 16 -18.462 -6.202 12.622 -18.462 -5.685 11.637 -15.000 -5.699 12.969
3 16 -15.000 -5.000 11.519 -15.000 -5.699 12.969 -18.462 -5.685 11.637
3 16 -15.000 -5.000 11.519 -18.462 -5.685 11.637 -15.159 -4.841 10.634
3 16 -18.462 -5.418 9.444 -15.160 -4.840 9.374 -18.462 -5.418 10.556
3 16 -15.000 -12.429 14.627 -18.462 -12.145 14.087 -15.000 -11.519 15.000
3 16 -18.462 -8.895 14.481 -18.462 -7.855 14.087 -15.000 -8.481 15.000
3 16 -18.462 -6.939 13.455 -18.462 -6.202 12.622 -15.000 -6.305 13.695
3 16 -18.462 -6.939 6.545 -15.000 -6.535 6.088 -18.462 -6.202 7.378
3 16 -18.462 -8.895 5.519 -15.000 -8.749 4.926 -18.462 -7.855 5.913
3 16 -18.462 -11.105 5.519 -15.000 -11.251 4.926 -18.462 -10.000 5.385
3 16 -18.462 -13.061 6.545 -15.000 -13.465 6.088 -18.462 -12.145 5.913
3 16 -18.462 -14.315 8.363 -15.000 -14.886 8.147 -18.462 -13.798 7.378
3 16 -18.462 -14.582 10.556 -15.000 -15.188 10.630 -18.462 -14.582 9.444
3 16 -18.462 -13.798 12.622 -15.000 -14.301 12.969 -18.462 -14.315 11.637
3 16 -18.462 -12.145 14.087 -15.000 -12.429 14.627 -18.462 -13.061 13.455
3 16 -5.000 -10.000 4.774 -5.000 -11.363 4.955 -1.538 -10.000 5.385
3 16 -1.538 -12.145 5.913 -1.538 -10.000 5.385 -5.000 -11.363 4.955
3 16 -5.000 -12.429 5.373 -5.000 -13.695 6.305 -1.538 -12.145 5.913
3 16 -1.538 -13.798 7.378 -1.538 -12.145 5.913 -5.000 -13.695 6.305
3 16 -5.000 -14.301 7.031 -5.000 -15.045 8.637 -1.538 -13.798 7.378
3 16 -1.538 -14.582 9.444 -1.538 -13.798 7.378 -5.000 -15.045 8.637
3 16 -5.000 -15.188 9.370 -5.000 -15.053 11.331 -1.538 -14.582 9.444
3 16 -1.538 -14.315 11.637 -1.538 -14.582 9.444 -5.000 -15.053 11.331
3 16 -5.000 -14.886 11.853 -5.000 -13.719 13.672 -1.538 -14.315 11.637
3 16 -5.000 -5.000 11.519 -1.538 -5.685 11.637 -5.000 -6.305 13.695
3 16 -1.538 -6.202 7.378 -5.000 -6.328 6.281 -1.538 -7.855 5.913
3 16 -5.000 -5.699 7.031 -5.000 -6.328 6.281 -1.538 -6.202 7.378
3 16 -1.538 -7.855 5.913 -5.000 -8.669 4.947 -1.538 -10.000 5.385
3 16 -5.000 -7.571 5.373 -5.000 -8.669 4.947 -1.538 -7.855 5.913
3 16 -1.538 -11.105 14.481 -1.538 -13.061 13.455 -5.000 -11.519 15.000
3 16 -1.538 -11.105 14.481 -4.808 -10.000 15.192 -1.538 -8.895 14.481
3 16 -5.000 -11.519 15.000 -4.808 -10.000 15.192 -1.538 -11.105 14.481
3 16 -5.000 -6.305 13.695 -1.538 -6.939 13.455 -5.000 -8.481 15.000
3 16 -4.938 -8.748 15.062 -5.000 -8.481 15.000 -1.538 -8.895 14.481
3 16 -4.840 -4.840 9.374 -1.538 -5.418 9.444 -5.000 -5.000 11.519
3 16 -4.840 -4.840 9.374 -5.000 -5.000 8.481 -1.538 -5.418 9.444
3 16 -1.538 -6.202 7.378 -1.538 -5.418 9.444 -5.000 -5.000 8.481
3 16 -5.000 -5.699 7.031 -1.538 -6.202 7.378 -5.000 -5.000 8.481
3 16 -1.538 -5.685 11.637 -5.000 -5.000 11.519 -1.538 -5.418 9.444
3 16 -1.538 -8.895 14.481 -5.000 -8.481 15.000 -1.538 -6.939 13.455
3 16 -4.938 -8.748 15.062 -1.538 -8.895 14.481 -4.808 -10.000 15.192
3 16 -5.000 -13.719 13.672 -5.000 -11.519 15.000 -1.538 -13.061 13.455
3 16 -5.000 -10.000 4.774 -1.538 -10.000 5.385 -5.000 -8.669 4.947
3 16 -5.000 -7.571 5.373 -1.538 -7.855 5.913 -5.000 -6.328 6.281
3 16 -1.538 -6.939 13.455 -5.000 -6.305 13.695 -1.538 -5.685 11.637
3 16 -1.538 -13.061 13.455 -1.538 -14.315 11.637 -5.000 -13.719 13.672
3 16 -5.000 -14.886 11.853 -1.538 -14.315 11.637 -5.000 -15.053 11.331
3 16 -5.000 -15.188 9.370 -1.538 -14.582 9.444 -5.000 -15.045 8.637
3 16 -5.000 -14.301 7.031 -1.538 -13.798 7.378 -5.000 -13.695 6.305
3 16 -5.000 -12.429 5.373 -1.538 -12.145 5.913 -5.000 -11.363 4.955
3 16 -15.000 -8.481 15.000 -15.000 -7.571 14.627 -14.360 -7.329 14.360
3 16 -13.509 -6.491 13.509 -14.360 -7.329 14.360 -15.000 -6.305 13.695
3 16 -15.000 -6.305 13.695 -15.000 -5.699 12.969 -13.509 -6.491 13.509
3 16 -15.000 -5.000 11.519 -14.360 -5.640 12.671 -15.000 -5.699 12.969
3 16 -14.360 -5.640 12.671 -13.509 -6.491 13.509 -15.000 -5.699 12.969
3 16 -15.000 -6.305 13.695 -14.360 -7.329 14.360 -15.000 -7.571 14.627
3 16 -15.000 -8.481 15.000 -14.360 -7.329 14.360 -13.695 -6.305 15.000
3 16 -13.509 -6.491 13.509 -12.671 -5.640 14.360 -13.695 -6.305 15.000
3 16 -11.519 -5.000 15.000 -13.695 -6.305 15.000 -12.671 -5.640 14.360
3 16 -13.509 -6.491 13.509 -13.695 -6.305 15.000 -14.360 -7.329 14.360
3 16 -11.519 -5.000 15.000 -12.671 -5.640 14.360 -13.695 -5.000 13.695
3 16 -13.509 -6.491 13.509 -14.360 -5.640 12.671 -13.695 -5.000 13.695
3 16 -15.000 -5.000 11.519 -13.695 -5.000 13.695 -14.360 -5.640 12.671
3 16 -13.509 -6.491 13.509 -13.695 -5.000 13.695 -12.671 -5.640 14.360
3 16 -5.373 -12.429 15.000 -6.345 -13.735 15.000 -5.913 -12.145 18.462
3 16 -7.378 -13.798 18.462 -5.913 -12.145 18.462 -6.345 -13.735 15.000
3 16 -7.031 -14.301 15.000 -8.666 -15.052 15.000 -7.378 -13.798 18.462
3 16 -9.444 -14.582 18.462 -7.378 -13.798 18.462 -8.666 -15.052 15.000
3 16 -9.370 -15.188 15.000 -11.334 -15.052 15.000 -9.444 -14.582 18.462
3 16 -11.637 -14.315 18.462 -9.444 -14.582 18.462 -11.334 -15.052 15.000
3 16 -11.853 -14.886 15.000 -13.655 -13.735 15.000 -11.637 -14.315 18.462
3 16 -11.519 -5.000 15.000 -11.637 -5.685 18.462 -13.695 -6.305 15.000
3 16 -7.378 -6.202 18.462 -6.305 -6.305 15.000 -5.913 -7.855 18.462
3 16 -7.031 -5.699 15.000 -6.305 -6.305 15.000 -7.378 -6.202 18.462
3 16 -5.913 -7.855 18.462 -4.938 -8.748 15.062 -5.385 -10.000 18.462
3 16 -5.373 -7.571 15.000 -5.000 -8.481 15.000 -5.913 -7.855 18.462
3 16 -4.938 -8.748 15.062 -5.913 -7.855 18.462 -5.000 -8.481 15.000
3 16 -5.385 -10.000 18.462 -4.808 -10.000 15.192 -5.913 -12.145 18.462
3 16 -5.000 -11.519 15.000 -5.913 -12.145 18.462 -4.808 -10.000 15.192
3 16 -14.481 -11.105 18.462 -13.455 -13.061 18.462 -15.000 -11.519 15.000
3 16 -13.655 -13.735 15.000 -15.000 -11.519 15.000 -13.455 -13.061 18.462
3 16 -15.062 -11.252 15.062 -15.192 -10.000 15.192 -14.481 -11.105 18.462
3 16 -14.481 -8.895 18.462 -14.481 -11.105 18.462 -15.192 -10.000 15.192
3 16 -13.695 -6.305 15.000 -13.455 -6.939 18.462 -15.000 -8.481 15.000
3 16 -11.637 -5.685 18.462 -11.252 -4.938 15.062 -9.444 -5.418 18.462
3 16 -11.519 -5.000 15.000 -11.252 -4.938 15.062 -11.637 -5.685 18.462
3 16 -9.373 -4.840 15.160 -8.481 -5.000 15.000 -9.444 -5.418 18.462
3 16 -7.378 -6.202 18.462 -9.444 -5.418 18.462 -8.481 -5.000 15.000
3 16 -7.031 -5.699 15.000 -7.378 -6.202 18.462 -8.481 -5.000 15.000
3 16 -9.373 -4.840 15.160 -9.444 -5.418 18.462 -11.252 -4.938 15.062
3 16 -14.481 -8.895 18.462 -15.000 -8.481 15.000 -13.455 -6.939 18.462
3 16 -15.000 -8.481 15.000 -14.481 -8.895 18.462 -15.192 -10.000 15.192
3 16 -15.062 -11.252 15.062 -14.481 -11.105 18.462 -15.000 -11.519 15.000
3 16 -5.373 -12.429 15.000 -5.913 -12.145 18.462 -5.000 -11.519 15.000
3 16 -4.808 -10.000 15.192 -5.385 -10.000 18.462 -4.938 -8.748 15.062
3 16 -5.373 -7.571 15.000 -5.913 -7.855 18.462 -6.305 -6.305 15.000
3 16 -13.455 -6.939 18.462 -13.695 -6.305 15.000 -11.637 -5.685 18.462
3 16 -13.455 -13.061 18.462 -11.637 -14.315 18.462 -13.655 -13.735 15.000
3 16 -11.853 -14.886 15.000 -11.637 -14.315 18.462 -11.334 -15.052 15.000
3 16 -9.370 -15.188 15.000 -9.444 -14.582 18.462 -8.666 -15.052 15.000
3 16 -7.031 -14.301 15.000 -7.378 -13.798 18.462 -6.345 -13.735 15.000
3 16 -9.370 -15.188 15.000 -10.000 -14.615 11.538 -11.334 -15.052 15.000
3 16 -10.000 -14.615 11.538 -9.370 -15.188 15.000 -8.821 -14.462 11.538
3 16 -8.666 -15.052 15.000 -8.821 -14.462 11.538 -9.370 -15.188 15.000
3 16 -6.345 -13.735 15.000 -5.373 -12.429 15.000 -5.651 -12.685 14.349
3 16 -5.000 -11.519 15.000 -5.651 -12.685 14.349 -5.373 -12.429 15.000
3 16 -6.345 -13.735 15.000 -6.516 -13.528 13.484 -7.031 -14.301 15.000
3 16 -7.031 -14.301 15.000 -8.462 -14.351 11.538 -8.666 -15.052 15.000
3 16 -8.821 -14.462 11.538 -8.666 -15.052 15.000 -8.462 -14.351 11.538
3 16 -11.179 -14.462 11.538 -11.538 -14.351 11.538 -11.334 -15.052 15.000
3 16 -11.538 -14.351 11.538 -13.466 -13.541 13.466 -11.853 -14.886 15.000
3 16 -13.655 -13.735 15.000 -11.853 -14.886 15.000 -13.466 -13.541 13.466
3 16 -13.466 -13.541 13.466 -14.349 -12.685 14.349 -13.655 -13.735 15.000
3 16 -15.000 -11.519 15.000 -13.655 -13.735 15.000 -14.349 -12.685 14.349
3 16 -11.853 -14.886 15.000 -11.334 -15.052 15.000 -11.538 -14.351 11.538
3 16 -8.462 -14.351 11.538 -7.031 -14.301 15.000 -6.516 -13.528 13.484
3 16 -6.516 -13.528 13.484 -6.345 -13.735 15.000 -5.651 -12.685 14.349
3 16 -11.179 -14.462 11.538 -11.334 -15.052 15.000 -10.000 -14.615 11.538
3 16 -5.000 -8.481 15.000 -5.373 -7.571 15.000 -5.640 -7.329 14.360
3 16 -6.491 -6.491 13.509 -5.640 -7.329 14.360 -6.305 -6.305 15.000
3 16 -6.305 -6.305 15.000 -7.031 -5.699 15.000 -6.491 -6.491 13.509
3 16 -8.481 -5.000 15.000 -7.329 -5.640 14.360 -7.031 -5.699 15.000
3 16 -7.329 -5.640 14.360 -6.491 -6.491 13.509 -7.031 -5.699 15.000
3 16 -6.305 -6.305 15.000 -5.640 -7.329 14.360 -5.373 -7.571 15.000
3 16 -5.000 -5.000 11.519 -5.640 -5.640 12.671 -6.305 -5.000 13.695
3 16 -6.491 -6.491 13.509 -7.329 -5.640 14.360 -6.305 -5.000 13.695
3 16 -8.481 -5.000 15.000 -6.305 -5.000 13.695 -7.329 -5.640 14.360
3 16 -6.491 -6.491 13.509 -6.305 -5.000 13.695 -5.640 -5.640 12.671
3 16 -5.000 -8.481 15.000 -5.640 -7.329 14.360 -5.000 -6.305 13.695
3 16 -6.491 -6.491 13.509 -5.640 -5.640 12.671 -5.000 -6.305 13.695
3 16 -5.000 -5.000 11.519 -5.000 -6.305 13.695 -5.640 -5.640 12.671
3 16 -6.491 -6.491 13.509 -5.000 -6.305 13.695 -5.640 -7.329 14.360
3 16 -10.000 -5.000 4.774 -8.238 -5.000 5.080 -10.000 -1.538 5.385
3 16 -7.855 -1.538 5.913 -10.000 -1.538 5.385 -8.238 -5.000 5.080
3 16 -7.571 -5.000 5.373 -6.188 -5.000 6.425 -7.855 -1.538 5.913
3 16 -6.202 -1.538 7.378 -7.855 -1.538 5.913 -6.188 -5.000 6.425
3 16 -6.939 -1.538 13.455 -5.685 -1.538 11.637 -6.305 -5.000 13.695
3 16 -15.000 -5.000 11.519 -14.315 -1.538 11.637 -13.695 -5.000 13.695
3 16 -13.798 -1.538 7.378 -13.812 -5.000 6.425 -12.145 -1.538 5.913
3 16 -14.301 -5.000 7.031 -13.812 -5.000 6.425 -13.798 -1.538 7.378
3 16 -12.145 -1.538 5.913 -11.762 -5.000 5.080 -10.000 -1.538 5.385
3 16 -12.429 -5.000 5.373 -11.762 -5.000 5.080 -12.145 -1.538 5.913
3 16 -6.202 -1.538 7.378 -5.000 -5.000 8.481 -5.418 -1.538 9.444
3 16 -5.699 -5.000 7.031 -5.000 -5.000 8.481 -6.202 -1.538 7.378
3 16 -5.685 -1.538 11.637 -5.418 -1.538 9.444 -5.000 -5.000 11.519
3 16 -8.895 -1.538 14.481 -6.939 -1.538 13.455 -8.481 -5.000 15.000
3 16 -8.895 -1.538 14.481 -9.373 -4.840 15.160 -11.105 -1.538 14.481
3 16 -8.481 -5.000 15.000 -9.373 -4.840 15.160 -8.895 -1.538 14.481
3 16 -13.695 -5.000 13.695 -13.061 -1.538 13.455 -11.519 -5.000 15.000
3 16 -11.252 -4.938 15.062 -11.519 -5.000 15.000 -11.105 -1.538 14.481
3 16 -14.315 -1.538 11.637 -15.159 -4.841 10.634 -14.582 -1.538 9.444
3 16 -15.000 -5.000 11.519 -15.159 -4.841 10.634 -14.315 -1.538 11.637
3 16 -15.160 -4.840 9.374 -15.000 -5.000 8.481 -14.582 -1.538 9.444
3 16 -13.798 -1.538 7.378 -14.582 -1.538 9.444 -15.000 -5.000 8.481
3 16 -14.301 -5.000 7.031 -13.798 -1.538 7.378 -15.000 -5.000 8.481
3 16 -15.160 -4.840 9.374 -14.582 -1.538 9.444 -15.159 -4.841 10.634
3 16 -11.105 -1.538 14.481 -11.519 -5.000 15.000 -13.061 -1.538 13.455
3 16 -11.252 -4.938 15.062 -11.105 -1.538 14.481 -9.373 -4.840 15.160
3 16 -6.305 -5.000 13.695 -8.481 -5.000 15.000 -6.939 -1.538 13.455
3 16 -4.840 -4.840 9.374 -5.000 -5.000 11.519 -5.418 -1.538 9.444
3 16 -4.840 -4.840 9.374 -5.418 -1.538 9.444 -5.000 -5.000 8.481
3 16 -10.000 -5.000 4.774 -10.000 -1.538 5.385 -11.762 -5.000 5.080
3 16 -12.429 -5.000 5.373 -12.145 -1.538 5.913 -13.812 -5.000 6.425
3 16 -13.061 -1.538 13.455 -13.695 -5.000 13.695 -14.315 -1.538 11.637
3 16 -5.000 -5.000 11.519 -6.305 -5.000 13.695 -5.685 -1.538 11.637
3 16 -5.699 -5.000 7.031 -6.202 -1.538 7.378 -6.188 -5.000 6.425
3 16 -7.571 -5.000 5.373 -7.855 -1.538 5.913 -8.238 -5.000 5.080
3 16 -10.000 -8.462 5.385 -8.462 -8.462 5.649 -10.000 -5.000 4.774
3 16 -6.524 -6.524 6.466 -6.363 -6.363 6.590 -7.571 -5.000 5.373
3 16 -6.524 -6.524 6.466 -7.571 -5.000 5.373 -8.462 -8.462 5.649
3 16 -8.238 -5.000 5.080 -8.462 -8.462 5.649 -7.571 -5.000 5.373
3 16 -5.587 -5.587 7.399 -5.699 -5.000 7.031 -6.363 -6.363 6.590
3 16 -6.188 -5.000 6.425 -6.363 -6.363 6.590 -5.699 -5.000 7.031
3 16 -13.812 -5.000 6.425 -14.301 -5.000 7.031 -13.484 -6.516 6.472
3 16 -15.000 -5.000 8.481 -14.414 -5.587 7.400 -14.301 -5.000 7.031
3 16 -13.812 -5.000 6.425 -13.484 -6.516 6.472 -12.429 -5.000 5.373
3 16 -11.762 -5.000 5.080 -12.429 -5.000 5.373 -11.538 -8.462 5.649
3 16 -11.762 -5.000 5.080 -11.538 -8.462 5.649 -10.000 -5.000 4.774
3 16 -10.000 -8.462 5.385 -10.000 -5.000 4.774 -11.538 -8.462 5.649
3 16 -11.538 -8.462 5.649 -12.429 -5.000 5.373 -13.484 -6.516 6.472
3 16 -14.414 -5.587 7.400 -13.484 -6.516 6.472 -14.301 -5.000 7.031
3 16 -5.000 -5.000 8.481 -5.699 -5.000 7.031 -5.587 -5.587 7.399
3 16 -6.188 -5.000 6.425 -7.571 -5.000 5.373 -6.363 -6.363 6.590
3 16 -8.238 -5.000 5.080 -10.000 -5.000 4.774 -8.462 -8.462 5.649
3 16 -15.000 -11.251 4.926 -11.538 -10.471 5.409 -15.000 -8.749 4.926
3 16 -11.538 -11.204 5.544 -11.538 -10.471 5.409 -15.000 -11.251 4.926
3 16 -15.000 -13.465 6.088 -11.538 -12.442 6.084 -15.000 -11.251 4.926
3 16 -11.538 -12.442 6.084 -15.000 -13.465 6.088 -11.538 -13.264 6.736
3 16 -15.000 -13.695 6.305 -11.538 -13.264 6.736 -15.000 -13.465 6.088
3 16 -15.000 -14.886 8.147 -11.538 -13.916 7.558 -15.000 -13.695 6.305
3 16 -11.538 -13.916 7.558 -15.000 -14.886 8.147 -11.538 -14.456 8.796
3 16 -15.000 -15.045 8.637 -11.538 -14.456 8.796 -15.000 -14.886 8.147
3 16 -11.538 -14.463 11.176 -11.538 -14.591 9.529 -15.000 -15.188 10.630
3 16 -15.000 -15.045 8.637 -15.000 -15.188 10.630 -11.538 -14.591 9.529
3 16 -15.000 -15.053 11.331 -11.538 -14.463 11.176 -15.000 -15.188 10.630
3 16 -15.000 -13.719 13.672 -15.000 -12.429 14.627 -14.349 -12.685 14.349
3 16 -15.000 -11.519 15.000 -14.349 -12.685 14.349 -15.000 -12.429 14.627
3 16 -15.000 -13.719 13.672 -13.466 -13.541 13.466 -15.000 -14.301 12.969
3 16 -15.000 -14.301 12.969 -11.538 -14.351 11.538 -15.000 -15.053 11.331
3 16 -11.538 -14.463 11.176 -15.000 -15.053 11.331 -11.538 -14.351 11.538
3 16 -11.538 -8.462 5.649 -13.484 -6.516 6.472 -15.000 -8.749 4.926
3 16 -11.538 -8.824 5.537 -11.538 -8.462 5.649 -15.000 -8.749 4.926
3 16 -15.000 -5.000 8.481 -15.000 -5.114 8.147 -14.414 -5.587 7.400
3 16 -13.484 -6.516 6.472 -14.414 -5.587 7.400 -15.000 -6.535 6.088
3 16 -15.000 -6.535 6.088 -14.414 -5.587 7.400 -15.000 -5.114 8.147
3 16 -15.000 -6.535 6.088 -15.000 -8.749 4.926 -13.484 -6.516 6.472
3 16 -11.538 -14.351 11.538 -15.000 -14.301 12.969 -13.466 -13.541 13.466
3 16 -13.466 -13.541 13.466 -15.000 -13.719 13.672 -14.349 -12.685 14.349
3 16 -11.538 -14.456 8.796 -15.000 -15.045 8.637 -11.538 -14.591 9.529
3 16 -11.538 -13.264 6.736 -15.000 -13.695 6.305 -11.538 -13.916 7.558
3 16 -11.538 -11.204 5.544 -15.000 -11.251 4.926 -11.538 -12.442 6.084
3 16 -11.538 -8.824 5.537 -15.000 -8.749 4.926 -11.538 -10.471 5.409
3 16 -8.462 -14.591 9.529 -8.462 -14.456 8.796 -11.538 -14.591 9.529
3 16 -11.538 -13.916 7.558 -11.538 -14.456 8.796 -8.462 -13.916 7.558
3 16 -8.462 -14.456 8.796 -8.462 -13.916 7.558 -11.538 -14.456 8.796
3 16 -11.538 -13.264 6.736 -8.462 -13.264 6.736 -11.538 -12.442 6.084
3 16 -8.462 -13.264 6.736 -11.538 -13.264 6.736 -8.462 -13.916 7.558
3 16 -11.538 -13.916 7.558 -8.462 -13.916 7.558 -11.538 -13.264 6.736
3 16 -11.538 -11.204 5.544 -8.462 -11.204 5.544 -11.538 -10.471 5.409
3 16 -8.462 -11.204 5.544 -11.538 -11.204 5.544 -8.462 -12.442 6.084
3 16 -11.538 -12.442 6.084 -8.462 -12.442 6.084 -11.538 -11.204 5.544
3 16 -8.462 -14.351 11.538 -8.462 -14.463 11.176 -10.000 -14.615 10.000
3 16 -11.538 -14.591 9.529 -10.000 -14.615 10.000 -8.462 -14.591 9.529
3 16 -11.538 -14.591 9.529 -11.538 -14.463 11.176 -10.000 -14.615 10.000
3 16 -11.538 -14.351 11.538 -10.000 -14.615 10.000 -11.538 -14.463 11.176
3 16 -11.538 -8.462 5.649 -11.538 -8.824 5.537 -10.000 -10.000 5.385
3 16 -8.462 -10.471 5.409 -10.000 -10.000 5.385 -11.538 -10.471 5.409
3 16 -8.462 -10.471 5.409 -8.462 -8.824 5.537 -10.000 -10.000 5.385
3 16 -8.462 -8.462 5.649 -10.000 -10.000 5.385 -8.462 -8.824 5.537
3 16 -11.538 -10.471 5.409 -10.000 -10.000 5.385 -11.538 -8.824 5.537
3 16 -8.462 -14.591 9.529 -10.000 -14.615 10.000 -8.462 -14.463 11.176
3 16 -8.462 -10.471 5.409 -11.538 -10.471 5.409 -8.462 -11.204 5.544
3 16 -8.462 -12.442 6.084 -11.538 -12.442 6.084 -8.462 -13.264 6.736
3 16 -11.538 -14.456 8.796 -11.538 -14.591 9.529 -8.462 -14.456 8.796
3 16 -5.000 -15.188 9.370 -8.462 -14.591 9.529 -5.000 -15.053 11.331
3 16 -5.000 -15.045 8.637 -8.462 -14.456 8.796 -5.000 -15.188 9.370
3 16 -8.462 -14.591 9.529 -5.000 -15.188 9.370 -8.462 -14.456 8.796
3 16 -5.000 -14.301 7.031 -8.462 -13.916 7.558 -5.000 -15.045 8.637
3 16 -8.462 -13.916 7.558 -5.000 -14.301 7.031 -8.462 -13.264 6.736
3 16 -5.000 -13.695 6.305 -8.462 -13.264 6.736 -5.000 -14.301 7.031
3 16 -5.000 -12.429 5.373 -8.462 -12.442 6.084 -5.000 -13.695 6.305
3 16 -8.462 -12.442 6.084 -5.000 -12.429 5.373 -8.462 -11.204 5.544
3 16 -5.000 -11.363 4.955 -8.462 -11.204 5.544 -5.000 -12.429 5.373
3 16 -5.000 -10.000 4.774 -8.462 -10.471 5.409 -5.000 -11.363 4.955
3 16 -8.462 -10.471 5.409 -5.000 -10.000 4.774 -8.462 -8.824 5.537
3 16 -5.000 -8.669 4.947 -8.462 -8.824 5.537 -5.000 -10.000 4.774
3 16 -8.462 -14.463 11.176 -8.462 -14.351 11.538 -5.000 -15.053 11.331
3 16 -8.462 -14.351 11.538 -6.516 -13.528 13.484 -5.000 -14.886 11.853
3 16 -5.000 -13.719 13.672 -5.000 -14.886 11.853 -6.516 -13.528 13.484
3 16 -6.516 -13.528 13.484 -5.651 -12.685 14.349 -5.000 -13.719 13.672
3 16 -5.000 -6.328 6.281 -5.000 -5.699 7.031 -6.363 -6.363 6.590
3 16 -5.587 -5.587 7.399 -6.363 -6.363 6.590 -5.000 -5.699 7.031
3 16 -5.000 -5.000 8.481 -5.587 -5.587 7.399 -5.000 -5.699 7.031
3 16 -5.000 -6.328 6.281 -6.524 -6.524 6.466 -5.000 -7.571 5.373
3 16 -5.000 -7.571 5.373 -8.462 -8.462 5.649 -5.000 -8.669 4.947
3 16 -8.462 -8.824 5.537 -5.000 -8.669 4.947 -8.462 -8.462 5.649
3 16 -8.462 -8.462 5.649 -5.000 -7.571 5.373 -6.524 -6.524 6.466
3 16 -6.524 -6.524 6.466 -5.000 -6.328 6.281 -6.363 -6.363 6.590
3 16 -5.000 -11.519 15.000 -5.000 -13.719 13.672 -5.651 -12.685 14.349
3 16 -5.000 -14.886 11.853 -5.000 -15.053 11.331 -8.462 -14.351 11.538
3 16 -8.462 -11.204 5.544 -5.000 -11.363 4.955 -8.462 -10.471 5.409
3 16 -8.462 -13.264 6.736 -5.000 -13.695 6.305 -8.462 -12.442 6.084
3 16 -8.462 -14.456 8.796 -5.000 -15.045 8.637 -8.462 -13.916 7.558
3 16 -8.462 -14.463 11.176 -5.000 -15.053 11.331 -8.462 -14.591 9.529
3 16 -10.000 -14.615 11.538 -8.821 -14.462 11.538 -10.000 -14.615 10.000
3 16 -11.538 -14.351 11.538 -11.179 -14.462 11.538 -10.000 -14.615 10.000
3 16 -10.000 -14.615 11.538 -10.000 -14.615 10.000 -11.179 -14.462 11.538
3 16 -8.462 -14.351 11.538 -10.000 -14.615 10.000 -8.821 -14.462 11.538
3 16 -10.000 -8.462 5.385 -10.000 -10.000 5.385 -8.462 -8.462 5.649
3 16 -10.000 -8.462 5.385 -11.538 -8.462 5.649 -10.000 -10.000 5.385
2 24 -4.840 -4.840 9.374 -5.000 -5.000 11.519
2 24 -4.273 0.000 10.695 -5.252 0.000 13.277
2 24 -5.385 -10.000 18.846 -5.519 -8.895 18.846
2 24 -20.000 -5.000 2.308 -20.000 -9.857 3.274
2 24 -4.231 -10.000 20.000 -4.398 -8.619 20.000
2 24 -19.926 -14.023 5.969 -20.000 -12.663 4.882
2 24 -14.748 0.000 13.277 -15.727 0.000 10.695
2 24 -14.582 -1.154 9.444 -14.582 -1.154 10.556
2 24 -18.846 -12.145 5.913 -18.846 -13.798 7.378
2 24 0.000 -15.118 7.337 0.000 -16.726 10.143
2 24 -13.277 -14.748 20.000 -15.108 -12.681 20.000
2 24 -14.315 -1.154 8.363 -14.582 -1.154 9.444
2 24 -18.846 -6.202 7.378 -18.846 -7.855 5.913
2 24 -15.062 -11.252 15.062 -15.192 -10.000 15.192
2 24 -5.913 -7.855 18.846 -6.545 -6.939 18.846
2 24 -14.481 -11.105 18.846 -14.615 -10.000 18.846
2 24 -5.418 -1.154 10.556 -5.685 -1.154 11.637
2 24 -5.640 -7.329 14.360 -6.491 -6.491 13.509
2 24 -12.671 -5.640 14.360 -13.509 -6.491 13.509
2 24 -7.329 -5.640 14.360 -8.481 -5.000 15.000
2 24 -5.651 -12.685 14.349 -6.516 -13.528 13.484
2 24 -7.378 -6.202 18.846 -8.363 -5.685 18.846
2 24 -5.913 -12.145 18.846 -6.545 -13.061 18.846
2 24 -7.954 -4.606 20.000 -10.695 -4.273 20.000
2 24 -10.000 0.000 15.769 -12.681 0.000 15.108
2 24 -9.444 -5.418 18.846 -10.556 -5.418 18.846
2 24 -7.378 -13.798 18.846 -8.363 -14.315 18.846
2 24 -10.556 -5.418 18.846 -11.637 -5.685 18.846
2 24 -11.637 -5.685 18.846 -12.622 -6.202 18.846
2 24 -10.695 -4.273 20.000 -13.277 -5.252 20.000
2 24 0.000 -17.692 15.000 0.000 -17.692 17.692
2 24 -17.692 0.000 2.308 -17.692 0.000 17.692
2 24 -5.640 -5.640 12.671 -6.491 -6.491 13.509
2 24 -13.455 -6.939 18.846 -14.087 -7.855 18.846
2 24 0.000 -16.726 10.143 0.000 -17.692 15.000
2 24 0.000 -15.118 7.337 0.000 -15.727 9.305
2 24 -1.154 -13.798 7.378 -1.154 -14.582 9.444
2 24 -15.160 -4.840 9.374 -15.159 -4.841 10.634
2 24 -4.606 0.000 7.954 -6.174 0.000 5.682
2 24 -18.846 -11.105 14.481 -18.846 -13.061 13.455
2 24 -20.000 -11.381 15.602 -20.000 -13.826 14.318
2 24 -4.808 -10.000 15.192 -4.938 -8.748 15.062
2 24 -14.481 -8.895 18.846 -14.615 -10.000 18.846
2 24 -20.000 -7.319 4.892 -20.000 -10.000 4.231
2 24 -18.846 -7.855 5.913 -18.846 -10.000 5.385
2 24 -12.681 0.000 15.108 -14.748 0.000 13.277
2 24 -14.087 -12.145 18.846 -14.481 -11.105 18.846
2 24 -20.000 -9.857 3.274 -20.000 -12.663 4.882
2 24 -20.000 -4.273 9.305 -20.000 -5.252 6.723
2 24 -18.846 -5.418 9.444 -18.846 -6.202 7.378
2 24 -18.846 -6.939 13.455 -18.846 -8.895 14.481
2 24 -4.840 -4.840 9.374 -5.000 -5.000 8.481
2 24 0.000 -4.273 9.305 0.000 -5.252 6.723
2 24 0.000 -9.857 3.274 0.000 -12.663 4.882
2 24 -15.394 0.000 7.954 -15.727 0.000 10.695
2 24 -12.622 -13.798 18.846 -13.455 -13.061 18.846
2 24 0.000 -13.826 14.318 0.000 -15.394 12.046
2 24 -17.692 -2.308 20.000 -17.692 -17.692 20.000
2 24 -20.000 -2.308 17.692 -20.000 -17.692 17.692
2 24 -18.846 -14.315 11.637 -18.846 -14.582 9.444
2 24 -2.308 -2.308 20.000 -2.308 -17.692 20.000
2 24 -20.000 -2.308 2.308 -20.000 -5.000 2.308
2 24 -2.308 -2.308 0.000 -2.308 -5.000 0.000
2 24 0.000 -2.308 2.308 0.000 -5.000 2.308
2 24 -10.556 -14.582 18.846 -11.637 -14.315 18.846
2 24 -5.682 -13.826 20.000 -7.954 -15.394 20.000
2 24 -6.363 -6.363 6.590 -6.524 -6.524 6.466
2 24 -8.363 -14.315 18.846 -9.444 -14.582 18.846
2 24 -8.895 -1.154 14.481 -10.000 -1.154 14.615
2 24 -6.545 -13.061 18.846 -7.378 -13.798 18.846
2 24 -7.855 -1.154 14.087 -8.895 -1.154 14.481
2 24 -19.926 -14.023 5.969 -20.000 -15.118 7.337
2 24 -6.202 -1.154 7.378 -6.939 -1.154 6.545
2 24 -14.414 -5.587 7.400 -15.000 -5.000 8.481
2 24 -13.826 0.000 5.682 -15.394 0.000 7.954
2 24 -5.519 -11.105 18.846 -5.913 -12.145 18.846
2 24 -5.385 -10.000 18.846 -5.519 -11.105 18.846
2 24 -4.231 -10.000 20.000 -4.398 -11.381 20.000
2 24 -6.491 -6.491 13.509 -7.329 -5.640 14.360
2 24 -11.538 -8.462 5.649 -13.484 -6.516 6.472
2 24 -9.444 -14.582 18.846 -10.556 -14.582 18.846
2 24 -12.145 -1.154 5.913 -13.061 -1.154 6.545
2 24 -11.637 -14.315 18.846 -12.622 -13.798 18.846
2 24 -5.000 -5.000 11.519 -5.640 -5.640 12.671
2 24 -13.455 -13.061 18.846 -14.087 -12.145 18.846
2 24 -20.000 -13.826 14.318 -20.000 -15.394 12.046
2 24 -15.000 -5.000 8.481 -15.160 -4.840 9.374
2 24 -1.154 -12.145 5.913 -1.154 -13.798 7.378
2 24 -14.087 -7.855 18.846 -14.481 -8.895 18.846
2 24 -12.622 -6.202 18.846 -13.455 -6.939 18.846
2 24 -8.619 0.000 4.398 -10.000 0.000 4.231
2 24 -8.363 -5.685 18.846 -9.444 -5.418 18.846
2 24 -11.105 -1.154 14.481 -12.145 -1.154 14.087
2 24 -6.545 -6.939 18.846 -7.378 -6.202 18.846
2 24 -5.519 -8.895 18.846 -5.913 -7.855 18.846
2 24 -4.398 -8.619 20.000 -5.682 -6.174 20.000
2 24 -5.000 -5.000 8.481 -5.587 -5.587 7.399
2 24 -15.108 -12.681 20.000 -15.769 -10.000 20.000
2 24 -6.939 -1.154 13.455 -7.855 -1.154 14.087
2 24 -10.695 -15.727 20.000 -13.277 -14.748 20.000
2 24 -7.954 -15.394 20.000 -10.695 -15.727 20.000
2 24 -2.308 -2.308 20.000 -17.692 -2.308 20.000
2 24 0.000 -10.000 15.769 0.000 -11.381 15.602
2 24 -1.154 -10.000 14.615 -1.154 -11.105 14.481
2 24 -20.000 -4.606 12.046 -20.000 -6.174 14.318
2 24 -4.398 -11.381 20.000 -5.682 -13.826 20.000
2 24 -4.273 0.000 10.695 -4.606 0.000 7.954
2 24 -5.418 -1.154 9.444 -5.418 -1.154 10.556
2 24 -14.360 -7.329 14.360 -15.000 -8.481 15.000
2 24 -4.938 -8.748 15.062 -5.000 -8.481 15.000
2 24 -15.108 -7.319 20.000 -15.769 -10.000 20.000
2 24 -5.682 -6.174 20.000 -7.954 -4.606 20.000
2 24 -5.685 -1.154 11.637 -6.202 -1.154 12.622
2 24 -13.484 -6.516 6.472 -14.414 -5.587 7.400
2 24 -13.061 -1.154 13.455 -13.798 -1.154 12.622
2 24 -10.000 0.000 4.231 -11.381 0.000 4.398
2 24 -13.277 -5.252 20.000 -15.108 -7.319 20.000
2 24 -7.319 0.000 15.108 -10.000 0.000 15.769
2 24 -2.308 -17.692 20.000 -17.692 -17.692 20.000
2 24 -2.308 -20.000 17.692 -17.692 -20.000 17.692
2 24 -11.381 0.000 4.398 -13.826 0.000 5.682
2 24 -9.373 -4.840 15.160 -11.252 -4.938 15.062
2 24 -8.481 -5.000 15.000 -9.373 -4.840 15.160
2 24 -17.692 -20.000 15.000 -17.692 -20.000 17.692
2 24 -20.000 -17.692 15.000 -20.000 -17.692 17.692
2 24 -18.846 -13.798 7.378 -18.846 -14.582 9.444
2 24 -14.360 -5.640 12.671 -15.000 -5.000 11.519
2 24 -2.308 -20.000 15.000 -2.308 -20.000 17.692
2 24 -20.000 -2.308 2.308 -20.000 -2.308 17.692
2 24 -13.509 -6.491 13.509 -14.360 -5.640 12.671
2 24 0.000 -5.000 2.308 0.000 -9.857 3.274
2 24 -20.000 -15.394 12.046 -20.000 -15.727 9.305
2 24 -18.846 -5.418 9.444 -18.846 -5.685 11.637
2 24 -18.846 -5.685 11.637 -18.846 -6.939 13.455
2 24 -18.846 -10.000 14.615 -18.846 -11.105 14.481
2 24 0.000 -8.619 15.602 0.000 -10.000 15.769
2 24 -1.154 -8.895 14.481 -1.154 -10.000 14.615
2 24 -20.000 -15.118 7.337 -20.000 -16.726 10.143
2 24 -20.000 -16.726 10.143 -20.000 -17.692 15.000
2 24 -20.000 -6.174 14.318 -20.000 -8.619 15.602
2 24 -2.308 0.000 2.308 -2.308 0.000 17.692
2 24 0.000 -2.308 2.308 0.000 -2.308 17.692
2 24 0.000 -4.273 9.305 0.000 -4.606 12.046
2 24 0.000 -15.118 7.337 -0.074 -14.031 5.977
2 24 -20.000 -10.000 4.231 -20.000 -12.663 4.882
2 24 -18.846 -8.895 14.481 -18.846 -10.000 14.615
2 24 -18.846 -10.000 5.385 -18.846 -12.145 5.913
2 24 -14.349 -12.685 14.349 -15.000 -11.519 15.000
2 24 -20.000 -8.619 15.602 -20.000 -11.381 15.602
2 24 -20.000 -5.252 6.723 -20.000 -7.319 4.892
2 24 -20.000 -4.273 9.305 -20.000 -4.606 12.046
2 24 -20.000 -15.118 7.337 -20.000 -15.727 9.305
2 24 -12.145 -1.154 14.087 -13.061 -1.154 13.455
2 24 -11.538 -14.351 11.538 -13.466 -13.541 13.466
2 24 -6.174 0.000 5.682 -8.619 0.000 4.398
2 24 -8.895 -1.154 5.519 -10.000 -1.154 5.385
2 24 0.000 -2.308 17.692 0.000 -17.692 17.692
2 24 -17.692 -2.308 0.000 -17.692 -5.000 0.000
2 24 -15.000 -8.481 15.000 -15.192 -10.000 15.192
2 24 -18.846 -13.061 13.455 -18.846 -14.315 11.637
2 24 -13.061 -1.154 6.545 -13.798 -1.154 7.378
2 24 -15.000 -11.519 15.000 -15.062 -11.252 15.062
2 24 -2.308 0.000 17.692 -17.692 0.000 17.692
2 24 0.000 -4.606 12.046 0.000 -6.174 14.318
2 24 -11.252 -4.938 15.062 -11.519 -5.000 15.000
2 24 -10.000 -1.154 14.615 -11.105 -1.154 14.481
2 24 0.000 -12.663 4.882 -0.074 -14.031 5.977
2 24 -5.685 -1.154 8.363 -6.202 -1.154 7.378
2 24 -14.315 -1.154 11.637 -14.582 -1.154 10.556
2 24 -6.524 -6.524 6.466 -8.462 -8.462 5.649
2 24 0.000 -15.394 12.046 0.000 -15.727 9.305
2 24 -5.418 -1.154 9.444 -5.685 -1.154 8.363
2 24 -2.308 -2.308 0.000 -17.692 -2.308 0.000
2 24 -2.308 0.000 2.308 -17.692 0.000 2.308
2 24 -10.000 -1.154 5.385 -11.105 -1.154 5.519
2 24 0.000 -10.000 4.231 0.000 -12.663 4.882
2 24 -5.000 -8.481 15.000 -5.640 -7.329 14.360
2 24 -5.252 0.000 13.277 -7.319 0.000 15.108
2 24 -4.808 -10.000 15.192 -5.000 -11.519 15.000
2 24 -6.516 -13.528 13.484 -8.462 -14.351 11.538
2 24 0.000 -7.319 4.892 0.000 -10.000 4.231
2 24 0.000 -5.252 6.723 0.000 -7.319 4.892
2 24 0.000 -11.381 15.602 0.000 -13.826 14.318
2 24 -13.466 -13.541 13.466 -14.349 -12.685 14.349
2 24 0.000 -6.174 14.318 0.000 -8.619 15.602
2 24 -6.202 -1.154 12.622 -6.939 -1.154 13.455
2 24 -7.855 -1.154 5.913 -8.895 -1.154 5.519
2 24 -11.519 -5.000 15.000 -12.671 -5.640 14.360
2 24 -13.798 -1.154 7.378 -14.315 -1.154 8.363
2 24 -13.798 -1.154 12.622 -14.315 -1.154 11.637
2 24 -11.105 -1.154 5.519 -12.145 -1.154 5.913
2 24 -6.939 -1.154 6.545 -7.855 -1.154 5.913
2 24 -5.587 -5.587 7.399 -6.363 -6.363 6.590
2 24 -13.509 -6.491 13.509 -14.360 -7.329 14.360
2 24 -15.000 -5.000 11.519 -15.159 -4.841 10.634
2 24 -5.000 -11.519 15.000 -5.651 -12.685 14.349
