0 FILE m6B8E5017_202492_122848.dat
0 bik-1x1
0 Name:  m6B8E5017_202492_122848.dat
0 Author:  
0 BL_Item_No bik-1x1
0 BFC CERTIFY CCW
3 16 14.615 -10.000 21.154 14.481 -8.895 21.538 14.087 -7.855 21.154
3 16 14.615 -10.000 21.538 14.481 -8.895 21.538 14.615 -10.000 21.154
3 16 14.087 -7.855 21.154 13.455 -6.939 21.538 12.622 -6.202 21.154
3 16 14.087 -7.855 21.538 13.455 -6.939 21.538 14.087 -7.855 21.154
3 16 12.622 -6.202 21.154 11.637 -5.685 21.538 10.556 -5.418 21.154
3 16 12.622 -6.202 21.538 11.637 -5.685 21.538 12.622 -6.202 21.154
3 16 10.556 -5.418 21.154 9.444 -5.418 21.538 8.363 -5.685 21.154
3 16 10.556 -5.418 21.538 9.444 -5.418 21.538 10.556 -5.418 21.154
3 16 8.363 -5.685 21.154 7.378 -6.202 21.538 6.545 -6.939 21.154
3 16 8.363 -5.685 21.538 7.378 -6.202 21.538 8.363 -5.685 21.154
3 16 6.545 -6.939 21.154 5.913 -7.855 21.538 5.519 -8.895 21.154
3 16 6.545 -6.939 21.538 5.913 -7.855 21.538 6.545 -6.939 21.154
3 16 5.519 -8.895 21.154 5.385 -10.000 21.538 5.519 -11.105 21.154
3 16 5.519 -8.895 21.538 5.385 -10.000 21.538 5.519 -8.895 21.154
3 16 5.519 -11.105 21.154 5.913 -12.145 21.538 6.545 -13.061 21.154
3 16 5.519 -11.105 21.538 5.913 -12.145 21.538 5.519 -11.105 21.154
3 16 6.545 -13.061 21.538 7.378 -13.798 21.538 6.545 -13.061 21.154
3 16 8.363 -14.315 21.154 6.545 -13.061 21.154 7.378 -13.798 21.538
3 16 8.363 -14.315 21.154 9.444 -14.582 21.538 10.556 -14.582 21.154
3 16 8.363 -14.315 21.538 9.444 -14.582 21.538 8.363 -14.315 21.154
3 16 10.556 -14.582 21.154 11.637 -14.315 21.538 12.622 -13.798 21.154
3 16 10.556 -14.582 21.538 11.637 -14.315 21.538 10.556 -14.582 21.154
3 16 12.622 -13.798 21.154 13.455 -13.061 21.538 14.087 -12.145 21.154
3 16 12.622 -13.798 21.538 13.455 -13.061 21.538 12.622 -13.798 21.154
3 16 14.087 -12.145 21.154 14.481 -11.105 21.538 14.615 -10.000 21.154
3 16 14.087 -12.145 21.538 14.481 -11.105 21.538 14.087 -12.145 21.154
3 16 14.615 -10.000 21.538 14.615 -10.000 21.154 14.481 -11.105 21.538
3 16 14.087 -12.145 21.538 14.087 -12.145 21.154 13.455 -13.061 21.538
3 16 12.622 -13.798 21.538 12.622 -13.798 21.154 11.637 -14.315 21.538
3 16 10.556 -14.582 21.538 10.556 -14.582 21.154 9.444 -14.582 21.538
3 16 8.363 -14.315 21.538 8.363 -14.315 21.154 7.378 -13.798 21.538
3 16 6.545 -13.061 21.538 6.545 -13.061 21.154 5.913 -12.145 21.538
3 16 5.519 -11.105 21.538 5.519 -11.105 21.154 5.385 -10.000 21.538
3 16 5.519 -8.895 21.538 5.519 -8.895 21.154 5.913 -7.855 21.538
3 16 6.545 -6.939 21.538 6.545 -6.939 21.154 7.378 -6.202 21.538
3 16 8.363 -5.685 21.538 8.363 -5.685 21.154 9.444 -5.418 21.538
3 16 10.556 -5.418 21.538 10.556 -5.418 21.154 11.637 -5.685 21.538
3 16 12.622 -6.202 21.538 12.622 -6.202 21.154 13.455 -6.939 21.538
3 16 14.087 -7.855 21.538 14.087 -7.855 21.154 14.481 -8.895 21.538
3 16 15.108 -12.681 20.000 14.087 -12.145 21.154 15.769 -10.000 20.000
3 16 13.277 -14.748 20.000 12.622 -13.798 21.154 15.108 -12.681 20.000
3 16 10.695 -15.727 20.000 10.556 -14.582 21.154 13.277 -14.748 20.000
3 16 7.954 -15.394 20.000 8.363 -14.315 21.154 10.695 -15.727 20.000
3 16 5.682 -13.826 20.000 6.545 -13.061 21.154 7.954 -15.394 20.000
3 16 4.398 -11.381 20.000 5.519 -11.105 21.154 5.682 -13.826 20.000
3 16 4.398 -8.619 20.000 5.519 -8.895 21.154 4.398 -11.381 20.000
3 16 5.682 -6.174 20.000 6.545 -6.939 21.154 4.398 -8.619 20.000
3 16 7.954 -4.606 20.000 8.363 -5.685 21.154 5.682 -6.174 20.000
3 16 10.695 -4.273 20.000 10.556 -5.418 21.154 7.954 -4.606 20.000
3 16 13.277 -5.252 20.000 12.622 -6.202 21.154 10.695 -4.273 20.000
3 16 15.108 -7.319 20.000 14.087 -7.855 21.154 13.277 -5.252 20.000
3 16 15.769 -10.000 20.000 14.615 -10.000 21.154 15.108 -7.319 20.000
3 16 14.087 -7.855 21.154 15.108 -7.319 20.000 14.615 -10.000 21.154
3 16 12.622 -6.202 21.154 13.277 -5.252 20.000 14.087 -7.855 21.154
3 16 10.556 -5.418 21.154 10.695 -4.273 20.000 12.622 -6.202 21.154
3 16 8.363 -5.685 21.154 7.954 -4.606 20.000 10.556 -5.418 21.154
3 16 6.545 -6.939 21.154 5.682 -6.174 20.000 8.363 -5.685 21.154
3 16 5.519 -8.895 21.154 4.398 -8.619 20.000 6.545 -6.939 21.154
3 16 5.519 -11.105 21.154 4.398 -11.381 20.000 5.519 -8.895 21.154
3 16 6.545 -13.061 21.154 5.682 -13.826 20.000 5.519 -11.105 21.154
3 16 8.363 -14.315 21.154 7.954 -15.394 20.000 6.545 -13.061 21.154
3 16 10.556 -14.582 21.154 10.695 -15.727 20.000 8.363 -14.315 21.154
3 16 12.622 -13.798 21.154 13.277 -14.748 20.000 10.556 -14.582 21.154
3 16 14.087 -12.145 21.154 15.108 -12.681 20.000 12.622 -13.798 21.154
3 16 14.615 -10.000 21.154 15.769 -10.000 20.000 14.087 -12.145 21.154
3 16 2.308 -2.308 20.000 4.398 -8.619 20.000 2.308 -17.692 20.000
3 16 17.692 -2.308 20.000 10.695 -4.273 20.000 2.308 -2.308 20.000
3 16 4.398 -11.381 20.000 2.308 -17.692 20.000 4.398 -8.619 20.000
3 16 7.954 -4.606 20.000 2.308 -2.308 20.000 10.695 -4.273 20.000
3 16 15.108 -12.681 20.000 15.769 -10.000 20.000 17.692 -17.692 20.000
3 16 10.695 -15.727 20.000 13.277 -14.748 20.000 17.692 -17.692 20.000
3 16 7.954 -15.394 20.000 10.695 -15.727 20.000 2.308 -17.692 20.000
3 16 5.682 -6.174 20.000 4.398 -8.619 20.000 2.308 -2.308 20.000
3 16 13.277 -5.252 20.000 10.695 -4.273 20.000 17.692 -2.308 20.000
3 16 15.108 -12.681 20.000 17.692 -17.692 20.000 13.277 -14.748 20.000
3 16 5.682 -13.826 20.000 7.954 -15.394 20.000 2.308 -17.692 20.000
3 16 5.682 -6.174 20.000 2.308 -2.308 20.000 7.954 -4.606 20.000
3 16 15.769 -10.000 20.000 15.108 -7.319 20.000 17.692 -2.308 20.000
3 16 17.692 -17.692 20.000 2.308 -17.692 20.000 10.695 -15.727 20.000
3 16 13.277 -5.252 20.000 17.692 -2.308 20.000 15.108 -7.319 20.000
3 16 5.682 -13.826 20.000 2.308 -17.692 20.000 4.398 -11.381 20.000
3 16 17.692 -2.308 20.000 17.692 -17.692 20.000 15.769 -10.000 20.000
3 16 0.000 -2.308 22.308 2.308 -2.308 20.000 0.000 -17.692 22.308
3 16 2.308 -17.692 20.000 0.000 -17.692 22.308 2.308 -2.308 20.000
3 16 0.000 -2.308 22.308 2.308 0.000 22.308 2.308 -2.308 20.000
3 16 2.308 -17.692 20.000 2.308 -20.000 22.308 0.000 -17.692 22.308
3 16 0.000 -17.692 37.692 0.000 -15.769 30.000 0.000 -17.692 22.308
3 16 0.000 -15.394 32.046 0.000 -15.769 30.000 0.000 -17.692 37.692
3 16 0.000 -15.727 29.305 0.000 -17.692 22.308 0.000 -15.769 30.000
3 16 0.000 -12.681 24.892 0.000 -10.000 24.231 0.000 -17.692 22.308
3 16 0.000 -13.826 34.318 0.000 -15.394 32.046 0.000 -17.692 37.692
3 16 0.000 -10.000 24.231 0.000 -7.319 24.892 0.000 -2.308 22.308
3 16 0.000 -14.748 26.723 0.000 -12.681 24.892 0.000 -17.692 22.308
3 16 0.000 -11.381 35.602 0.000 -13.826 34.318 0.000 -17.692 37.692
3 16 0.000 -5.252 26.723 0.000 -2.308 22.308 0.000 -7.319 24.892
3 16 0.000 -14.748 26.723 0.000 -17.692 22.308 0.000 -15.727 29.305
3 16 0.000 -2.308 37.692 0.000 -8.619 35.602 0.000 -17.692 37.692
3 16 0.000 -2.308 22.308 0.000 -17.692 22.308 0.000 -10.000 24.231
3 16 0.000 -6.174 34.318 0.000 -8.619 35.602 0.000 -2.308 37.692
3 16 0.000 -2.308 22.308 0.000 -4.273 29.305 0.000 -2.308 37.692
3 16 0.000 -11.381 35.602 0.000 -17.692 37.692 0.000 -8.619 35.602
3 16 0.000 -4.606 32.046 0.000 -2.308 37.692 0.000 -4.273 29.305
3 16 0.000 -6.174 34.318 0.000 -2.308 37.692 0.000 -4.606 32.046
3 16 0.000 -4.273 29.305 0.000 -2.308 22.308 0.000 -5.252 26.723
3 16 0.000 -12.681 24.892 1.154 -12.145 25.913 0.000 -10.000 24.231
3 16 0.000 -14.748 26.723 1.154 -13.798 27.378 0.000 -12.681 24.892
3 16 0.000 -15.727 29.305 1.154 -14.582 29.444 0.000 -14.748 26.723
3 16 1.154 -14.582 29.444 0.000 -15.769 30.000 1.154 -14.315 31.637
3 16 0.000 -15.727 29.305 0.000 -15.769 30.000 1.154 -14.582 29.444
3 16 0.000 -13.826 34.318 1.154 -13.061 33.455 0.000 -15.394 32.046
3 16 0.000 -11.381 35.602 1.154 -11.105 34.481 0.000 -13.826 34.318
3 16 0.000 -8.619 35.602 1.154 -10.000 34.615 0.000 -11.381 35.602
3 16 1.154 -8.895 34.481 1.154 -10.000 34.615 0.000 -8.619 35.602
3 16 0.000 -6.174 34.318 1.154 -6.939 33.455 0.000 -8.619 35.602
3 16 0.000 -4.606 32.046 1.154 -5.685 31.637 0.000 -6.174 34.318
3 16 0.000 -4.273 29.305 1.154 -5.418 29.444 0.000 -4.606 32.046
3 16 0.000 -5.252 26.723 1.154 -6.202 27.378 0.000 -4.273 29.305
3 16 0.000 -7.319 24.892 1.154 -7.855 25.913 0.000 -5.252 26.723
3 16 0.000 -10.000 24.231 1.154 -10.000 25.385 0.000 -7.319 24.892
3 16 1.154 -7.855 25.913 0.000 -7.319 24.892 1.154 -10.000 25.385
3 16 1.154 -6.202 27.378 0.000 -5.252 26.723 1.154 -7.855 25.913
3 16 1.154 -5.418 29.444 0.000 -4.273 29.305 1.154 -6.202 27.378
3 16 1.154 -5.685 31.637 0.000 -4.606 32.046 1.154 -5.418 29.444
3 16 1.154 -6.939 33.455 0.000 -6.174 34.318 1.154 -5.685 31.637
3 16 1.154 -8.895 34.481 0.000 -8.619 35.602 1.154 -6.939 33.455
3 16 1.154 -11.105 34.481 0.000 -11.381 35.602 1.154 -10.000 34.615
3 16 1.154 -13.061 33.455 0.000 -13.826 34.318 1.154 -11.105 34.481
3 16 1.154 -14.315 31.637 0.000 -15.394 32.046 1.154 -13.061 33.455
3 16 0.000 -15.394 32.046 1.154 -14.315 31.637 0.000 -15.769 30.000
3 16 1.154 -13.798 27.378 0.000 -14.748 26.723 1.154 -14.582 29.444
3 16 1.154 -12.145 25.913 0.000 -12.681 24.892 1.154 -13.798 27.378
3 16 1.154 -10.000 25.385 0.000 -10.000 24.231 1.154 -12.145 25.913
3 16 1.154 -10.000 25.385 1.538 -8.895 25.519 1.154 -7.855 25.913
3 16 1.538 -10.000 25.385 1.538 -8.895 25.519 1.154 -10.000 25.385
3 16 1.154 -7.855 25.913 1.538 -6.939 26.545 1.154 -6.202 27.378
3 16 1.538 -7.855 25.913 1.538 -6.939 26.545 1.154 -7.855 25.913
3 16 1.154 -6.202 27.378 1.538 -5.685 28.363 1.154 -5.418 29.444
3 16 1.538 -6.202 27.378 1.538 -5.685 28.363 1.154 -6.202 27.378
3 16 1.154 -5.418 29.444 1.538 -5.418 30.556 1.154 -5.685 31.637
3 16 1.538 -5.418 29.444 1.538 -5.418 30.556 1.154 -5.418 29.444
3 16 1.154 -5.685 31.637 1.538 -6.202 32.622 1.154 -6.939 33.455
3 16 1.538 -5.685 31.637 1.538 -6.202 32.622 1.154 -5.685 31.637
3 16 1.154 -6.939 33.455 1.538 -7.855 34.087 1.154 -8.895 34.481
3 16 1.538 -6.939 33.455 1.538 -7.855 34.087 1.154 -6.939 33.455
3 16 1.154 -10.000 34.615 1.538 -10.000 34.615 1.154 -11.105 34.481
3 16 1.538 -10.000 34.615 1.154 -10.000 34.615 1.538 -8.895 34.481
3 16 1.154 -8.895 34.481 1.538 -8.895 34.481 1.154 -10.000 34.615
3 16 1.154 -11.105 34.481 1.538 -12.145 34.087 1.154 -13.061 33.455
3 16 1.538 -11.105 34.481 1.538 -12.145 34.087 1.154 -11.105 34.481
3 16 1.154 -13.061 33.455 1.538 -13.798 32.622 1.154 -14.315 31.637
3 16 1.538 -13.061 33.455 1.538 -13.798 32.622 1.154 -13.061 33.455
3 16 1.154 -14.315 31.637 1.538 -14.582 30.556 1.154 -14.582 29.444
3 16 1.538 -14.315 31.637 1.538 -14.582 30.556 1.154 -14.315 31.637
3 16 1.154 -14.582 29.444 1.538 -14.315 28.363 1.154 -13.798 27.378
3 16 1.538 -14.582 29.444 1.538 -14.315 28.363 1.154 -14.582 29.444
3 16 1.154 -13.798 27.378 1.538 -13.061 26.545 1.154 -12.145 25.913
3 16 1.538 -13.798 27.378 1.538 -13.061 26.545 1.154 -13.798 27.378
3 16 1.154 -12.145 25.913 1.538 -11.105 25.519 1.154 -10.000 25.385
3 16 1.538 -12.145 25.913 1.538 -11.105 25.519 1.154 -12.145 25.913
3 16 1.538 -10.000 25.385 1.154 -10.000 25.385 1.538 -11.105 25.519
3 16 1.538 -12.145 25.913 1.154 -12.145 25.913 1.538 -13.061 26.545
3 16 1.538 -13.798 27.378 1.154 -13.798 27.378 1.538 -14.315 28.363
3 16 1.538 -14.582 29.444 1.154 -14.582 29.444 1.538 -14.582 30.556
3 16 1.538 -14.315 31.637 1.154 -14.315 31.637 1.538 -13.798 32.622
3 16 1.538 -13.061 33.455 1.154 -13.061 33.455 1.538 -12.145 34.087
3 16 1.538 -11.105 34.481 1.154 -11.105 34.481 1.538 -10.000 34.615
3 16 1.538 -8.895 34.481 1.154 -8.895 34.481 1.538 -7.855 34.087
3 16 1.538 -6.939 33.455 1.154 -6.939 33.455 1.538 -6.202 32.622
3 16 1.538 -5.685 31.637 1.154 -5.685 31.637 1.538 -5.418 30.556
3 16 1.538 -5.418 29.444 1.154 -5.418 29.444 1.538 -5.685 28.363
3 16 1.538 -6.202 27.378 1.154 -6.202 27.378 1.538 -6.939 26.545
3 16 1.538 -7.855 25.913 1.154 -7.855 25.913 1.538 -8.895 25.519
3 16 2.308 0.000 22.308 0.000 -2.308 22.308 2.308 0.000 37.692
3 16 0.000 -2.308 37.692 2.308 0.000 37.692 0.000 -2.308 22.308
3 16 17.692 -2.308 20.000 2.308 -2.308 20.000 17.692 0.000 22.308
3 16 2.308 0.000 22.308 17.692 0.000 22.308 2.308 -2.308 20.000
3 16 2.308 -2.308 40.000 2.308 0.000 37.692 0.000 -2.308 37.692
3 16 17.692 0.000 22.308 20.000 -2.308 22.308 17.692 -2.308 20.000
3 16 2.308 0.000 22.308 10.000 0.000 24.231 17.692 0.000 22.308
3 16 8.619 0.000 24.398 10.000 0.000 24.231 2.308 0.000 22.308
3 16 2.308 0.000 37.692 4.273 0.000 30.695 2.308 0.000 22.308
3 16 6.174 0.000 25.682 8.619 0.000 24.398 2.308 0.000 22.308
3 16 5.252 0.000 33.277 4.273 0.000 30.695 2.308 0.000 37.692
3 16 12.681 0.000 35.108 10.000 0.000 35.769 17.692 0.000 37.692
3 16 15.394 0.000 27.954 15.727 0.000 30.695 17.692 0.000 22.308
3 16 11.381 0.000 24.398 17.692 0.000 22.308 10.000 0.000 24.231
3 16 4.606 0.000 27.954 2.308 0.000 22.308 4.273 0.000 30.695
3 16 10.000 0.000 35.769 7.319 0.000 35.108 2.308 0.000 37.692
3 16 14.748 0.000 33.277 12.681 0.000 35.108 17.692 0.000 37.692
3 16 17.692 0.000 37.692 17.692 0.000 22.308 15.727 0.000 30.695
3 16 13.826 0.000 25.682 17.692 0.000 22.308 11.381 0.000 24.398
3 16 5.252 0.000 33.277 2.308 0.000 37.692 7.319 0.000 35.108
3 16 14.748 0.000 33.277 17.692 0.000 37.692 15.727 0.000 30.695
3 16 6.174 0.000 25.682 2.308 0.000 22.308 4.606 0.000 27.954
3 16 15.394 0.000 27.954 17.692 0.000 22.308 13.826 0.000 25.682
3 16 2.308 0.000 37.692 17.692 0.000 37.692 10.000 0.000 35.769
3 16 12.681 0.000 35.108 11.105 -1.154 34.481 10.000 0.000 35.769
3 16 12.145 -1.154 34.087 11.105 -1.154 34.481 12.681 0.000 35.108
3 16 14.748 0.000 33.277 13.061 -1.154 33.455 12.681 0.000 35.108
3 16 13.798 -1.154 32.622 13.061 -1.154 33.455 14.748 0.000 33.277
3 16 15.727 0.000 30.695 14.315 -1.154 31.637 14.748 0.000 33.277
3 16 14.582 -1.154 30.556 14.315 -1.154 31.637 15.727 0.000 30.695
3 16 15.394 0.000 27.954 14.582 -1.154 29.444 15.727 0.000 30.695
3 16 14.315 -1.154 28.363 14.582 -1.154 29.444 15.394 0.000 27.954
3 16 13.061 -1.154 26.545 13.798 -1.154 27.378 13.826 0.000 25.682
3 16 15.394 0.000 27.954 13.826 0.000 25.682 13.798 -1.154 27.378
3 16 11.381 0.000 24.398 12.145 -1.154 25.913 13.826 0.000 25.682
3 16 11.105 -1.154 25.519 12.145 -1.154 25.913 11.381 0.000 24.398
3 16 10.000 -1.154 25.385 11.105 -1.154 25.519 10.000 0.000 24.231
3 16 8.895 -1.154 25.519 10.000 -1.154 25.385 8.619 0.000 24.398
3 16 10.000 0.000 24.231 8.619 0.000 24.398 10.000 -1.154 25.385
3 16 6.174 0.000 25.682 7.855 -1.154 25.913 8.619 0.000 24.398
3 16 6.939 -1.154 26.545 7.855 -1.154 25.913 6.174 0.000 25.682
3 16 4.606 0.000 27.954 6.202 -1.154 27.378 6.174 0.000 25.682
3 16 5.685 -1.154 28.363 6.202 -1.154 27.378 4.606 0.000 27.954
3 16 4.273 0.000 30.695 5.418 -1.154 29.444 4.606 0.000 27.954
3 16 5.418 -1.154 30.556 5.418 -1.154 29.444 4.273 0.000 30.695
3 16 5.252 0.000 33.277 5.685 -1.154 31.637 4.273 0.000 30.695
3 16 6.202 -1.154 32.622 5.685 -1.154 31.637 5.252 0.000 33.277
3 16 7.319 0.000 35.108 6.939 -1.154 33.455 5.252 0.000 33.277
3 16 7.855 -1.154 34.087 6.939 -1.154 33.455 7.319 0.000 35.108
3 16 10.000 0.000 35.769 8.895 -1.154 34.481 7.319 0.000 35.108
3 16 10.000 -1.154 34.615 8.895 -1.154 34.481 10.000 0.000 35.769
3 16 7.855 -1.154 34.087 7.319 0.000 35.108 8.895 -1.154 34.481
3 16 6.202 -1.154 32.622 5.252 0.000 33.277 6.939 -1.154 33.455
3 16 5.418 -1.154 30.556 4.273 0.000 30.695 5.685 -1.154 31.637
3 16 5.685 -1.154 28.363 4.606 0.000 27.954 5.418 -1.154 29.444
3 16 6.939 -1.154 26.545 6.174 0.000 25.682 6.202 -1.154 27.378
3 16 8.895 -1.154 25.519 8.619 0.000 24.398 7.855 -1.154 25.913
3 16 11.381 0.000 24.398 10.000 0.000 24.231 11.105 -1.154 25.519
3 16 13.061 -1.154 26.545 13.826 0.000 25.682 12.145 -1.154 25.913
3 16 14.315 -1.154 28.363 15.394 0.000 27.954 13.798 -1.154 27.378
3 16 14.582 -1.154 30.556 15.727 0.000 30.695 14.582 -1.154 29.444
3 16 13.798 -1.154 32.622 14.748 0.000 33.277 14.315 -1.154 31.637
3 16 12.145 -1.154 34.087 12.681 0.000 35.108 13.061 -1.154 33.455
3 16 10.000 -1.154 34.615 10.000 0.000 35.769 11.105 -1.154 34.481
3 16 10.000 -1.538 25.385 8.895 -1.154 25.519 7.855 -1.538 25.913
3 16 10.000 -1.154 25.385 8.895 -1.154 25.519 10.000 -1.538 25.385
3 16 7.855 -1.538 25.913 6.939 -1.154 26.545 6.202 -1.538 27.378
3 16 7.855 -1.154 25.913 6.939 -1.154 26.545 7.855 -1.538 25.913
3 16 6.202 -1.538 27.378 5.685 -1.154 28.363 5.418 -1.538 29.444
3 16 6.202 -1.154 27.378 5.685 -1.154 28.363 6.202 -1.538 27.378
3 16 5.418 -1.538 29.444 5.418 -1.154 30.556 5.685 -1.538 31.637
3 16 5.418 -1.154 29.444 5.418 -1.154 30.556 5.418 -1.538 29.444
3 16 5.685 -1.538 31.637 6.202 -1.154 32.622 6.939 -1.538 33.455
3 16 5.685 -1.154 31.637 6.202 -1.154 32.622 5.685 -1.538 31.637
3 16 6.939 -1.538 33.455 7.855 -1.154 34.087 8.895 -1.538 34.481
3 16 6.939 -1.154 33.455 7.855 -1.154 34.087 6.939 -1.538 33.455
3 16 8.895 -1.538 34.481 10.000 -1.154 34.615 11.105 -1.538 34.481
3 16 8.895 -1.154 34.481 10.000 -1.154 34.615 8.895 -1.538 34.481
3 16 11.105 -1.538 34.481 12.145 -1.154 34.087 13.061 -1.538 33.455
3 16 11.105 -1.154 34.481 12.145 -1.154 34.087 11.105 -1.538 34.481
3 16 13.061 -1.538 33.455 13.798 -1.154 32.622 14.315 -1.538 31.637
3 16 13.061 -1.154 33.455 13.798 -1.154 32.622 13.061 -1.538 33.455
3 16 14.315 -1.538 31.637 14.582 -1.154 30.556 14.582 -1.538 29.444
3 16 14.315 -1.154 31.637 14.582 -1.154 30.556 14.315 -1.538 31.637
3 16 14.582 -1.538 29.444 14.315 -1.154 28.363 13.798 -1.538 27.378
3 16 14.582 -1.154 29.444 14.315 -1.154 28.363 14.582 -1.538 29.444
3 16 13.798 -1.538 27.378 13.061 -1.154 26.545 12.145 -1.538 25.913
3 16 13.798 -1.154 27.378 13.061 -1.154 26.545 13.798 -1.538 27.378
3 16 12.145 -1.538 25.913 11.105 -1.154 25.519 10.000 -1.538 25.385
3 16 12.145 -1.154 25.913 11.105 -1.154 25.519 12.145 -1.538 25.913
3 16 10.000 -1.154 25.385 10.000 -1.538 25.385 11.105 -1.154 25.519
3 16 12.145 -1.154 25.913 12.145 -1.538 25.913 13.061 -1.154 26.545
3 16 13.798 -1.154 27.378 13.798 -1.538 27.378 14.315 -1.154 28.363
3 16 14.582 -1.154 29.444 14.582 -1.538 29.444 14.582 -1.154 30.556
3 16 14.315 -1.154 31.637 14.315 -1.538 31.637 13.798 -1.154 32.622
3 16 13.061 -1.154 33.455 13.061 -1.538 33.455 12.145 -1.154 34.087
3 16 11.105 -1.154 34.481 11.105 -1.538 34.481 10.000 -1.154 34.615
3 16 8.895 -1.154 34.481 8.895 -1.538 34.481 7.855 -1.154 34.087
3 16 6.939 -1.154 33.455 6.939 -1.538 33.455 6.202 -1.154 32.622
3 16 5.685 -1.154 31.637 5.685 -1.538 31.637 5.418 -1.154 30.556
3 16 5.418 -1.154 29.444 5.418 -1.538 29.444 5.685 -1.154 28.363
3 16 6.202 -1.154 27.378 6.202 -1.538 27.378 6.939 -1.154 26.545
3 16 7.855 -1.154 25.913 7.855 -1.538 25.913 8.895 -1.154 25.519
3 16 20.000 -17.692 22.308 17.692 -17.692 20.000 20.000 -2.308 22.308
3 16 17.692 -2.308 20.000 20.000 -2.308 22.308 17.692 -17.692 20.000
3 16 2.308 -20.000 22.308 2.308 -17.692 20.000 17.692 -20.000 22.308
3 16 17.692 -17.692 20.000 17.692 -20.000 22.308 2.308 -17.692 20.000
3 16 0.000 -17.692 22.308 2.308 -20.000 22.308 0.000 -17.692 37.692
3 16 2.308 -20.000 37.692 0.000 -17.692 37.692 2.308 -20.000 22.308
3 16 0.000 -2.308 37.692 0.000 -17.692 37.692 2.308 -2.308 40.000
3 16 2.308 -17.692 40.000 2.308 -2.308 40.000 0.000 -17.692 37.692
3 16 2.308 0.000 37.692 2.308 -2.308 40.000 17.692 0.000 37.692
3 16 17.692 -2.308 40.000 17.692 0.000 37.692 2.308 -2.308 40.000
3 16 20.000 -2.308 22.308 17.692 0.000 22.308 20.000 -2.308 37.692
3 16 17.692 0.000 37.692 20.000 -2.308 37.692 17.692 0.000 22.308
3 16 20.000 -17.692 22.308 17.692 -20.000 22.308 17.692 -17.692 20.000
3 16 17.692 -20.000 22.308 20.000 -17.692 22.308 17.692 -20.000 37.692
3 16 20.000 -17.692 37.692 17.692 -20.000 37.692 20.000 -17.692 22.308
3 16 2.308 -20.000 37.692 2.308 -17.692 40.000 0.000 -17.692 37.692
3 16 2.308 -17.692 40.000 2.308 -20.000 37.692 17.692 -17.692 40.000
3 16 17.692 -20.000 37.692 17.692 -17.692 40.000 2.308 -20.000 37.692
3 16 15.602 -20.000 28.619 14.318 -20.000 26.174 17.692 -20.000 22.308
3 16 17.692 -20.000 37.692 15.602 -20.000 31.381 17.692 -20.000 22.308
3 16 12.046 -20.000 24.606 9.305 -20.000 24.273 17.692 -20.000 22.308
3 16 15.602 -20.000 28.619 17.692 -20.000 22.308 15.602 -20.000 31.381
3 16 12.046 -20.000 24.606 17.692 -20.000 22.308 14.318 -20.000 26.174
3 16 12.046 -20.000 35.394 14.318 -20.000 33.826 17.692 -20.000 37.692
3 16 2.308 -20.000 37.692 9.305 -20.000 35.727 17.692 -20.000 37.692
3 16 4.892 -20.000 32.681 6.723 -20.000 34.748 2.308 -20.000 37.692
3 16 15.602 -20.000 31.381 17.692 -20.000 37.692 14.318 -20.000 33.826
3 16 9.305 -20.000 35.727 2.308 -20.000 37.692 6.723 -20.000 34.748
3 16 4.892 -20.000 27.319 4.231 -20.000 30.000 2.308 -20.000 22.308
3 16 12.046 -20.000 35.394 17.692 -20.000 37.692 9.305 -20.000 35.727
3 16 6.723 -20.000 25.252 4.892 -20.000 27.319 2.308 -20.000 22.308
3 16 4.231 -20.000 30.000 4.892 -20.000 32.681 2.308 -20.000 37.692
3 16 9.305 -20.000 24.273 6.723 -20.000 25.252 2.308 -20.000 22.308
3 16 2.308 -20.000 37.692 2.308 -20.000 22.308 4.231 -20.000 30.000
3 16 2.308 -20.000 22.308 17.692 -20.000 22.308 9.305 -20.000 24.273
3 16 17.692 -2.308 40.000 20.000 -2.308 37.692 17.692 0.000 37.692
3 16 20.000 -2.308 37.692 17.692 -2.308 40.000 20.000 -17.692 37.692
3 16 17.692 -17.692 40.000 20.000 -17.692 37.692 17.692 -2.308 40.000
3 16 20.000 -17.692 37.692 17.692 -17.692 40.000 17.692 -20.000 37.692
3 16 20.000 -11.381 35.602 20.000 -10.000 35.769 20.000 -17.692 37.692
3 16 20.000 -17.692 22.308 20.000 -15.727 29.305 20.000 -17.692 37.692
3 16 20.000 -13.826 34.318 20.000 -11.381 35.602 20.000 -17.692 37.692
3 16 20.000 -15.394 32.046 20.000 -17.692 37.692 20.000 -15.727 29.305
3 16 20.000 -13.826 34.318 20.000 -17.692 37.692 20.000 -15.394 32.046
3 16 20.000 -12.681 24.892 20.000 -14.748 26.723 20.000 -17.692 22.308
3 16 20.000 -2.308 22.308 20.000 -10.000 24.231 20.000 -17.692 22.308
3 16 20.000 -5.252 26.723 20.000 -7.319 24.892 20.000 -2.308 22.308
3 16 20.000 -4.606 32.046 20.000 -4.273 29.305 20.000 -2.308 37.692
3 16 20.000 -15.727 29.305 20.000 -17.692 22.308 20.000 -14.748 26.723
3 16 20.000 -10.000 24.231 20.000 -2.308 22.308 20.000 -7.319 24.892
3 16 20.000 -2.308 22.308 20.000 -2.308 37.692 20.000 -4.273 29.305
3 16 20.000 -12.681 24.892 20.000 -17.692 22.308 20.000 -10.000 24.231
3 16 20.000 -6.174 34.318 20.000 -4.606 32.046 20.000 -2.308 37.692
3 16 20.000 -5.252 26.723 20.000 -2.308 22.308 20.000 -4.273 29.305
3 16 20.000 -10.000 35.769 20.000 -8.619 35.602 20.000 -2.308 37.692
3 16 20.000 -6.174 34.318 20.000 -2.308 37.692 20.000 -8.619 35.602
3 16 20.000 -2.308 37.692 20.000 -17.692 37.692 20.000 -10.000 35.769
3 16 15.602 -8.619 40.000 15.769 -10.000 40.000 17.692 -2.308 40.000
3 16 2.308 -2.308 40.000 9.305 -4.273 40.000 17.692 -2.308 40.000
3 16 17.692 -17.692 40.000 17.692 -2.308 40.000 15.769 -10.000 40.000
3 16 12.046 -4.606 40.000 17.692 -2.308 40.000 9.305 -4.273 40.000
3 16 15.602 -11.381 40.000 17.692 -17.692 40.000 15.769 -10.000 40.000
3 16 6.723 -5.252 40.000 9.305 -4.273 40.000 2.308 -2.308 40.000
3 16 4.892 -12.681 40.000 4.231 -10.000 40.000 2.308 -17.692 40.000
3 16 9.305 -15.727 40.000 6.723 -14.748 40.000 2.308 -17.692 40.000
3 16 12.046 -15.394 40.000 9.305 -15.727 40.000 17.692 -17.692 40.000
3 16 14.318 -6.174 40.000 15.602 -8.619 40.000 17.692 -2.308 40.000
3 16 4.892 -7.319 40.000 6.723 -5.252 40.000 2.308 -2.308 40.000
3 16 4.892 -12.681 40.000 2.308 -17.692 40.000 6.723 -14.748 40.000
3 16 14.318 -13.826 40.000 12.046 -15.394 40.000 17.692 -17.692 40.000
3 16 14.318 -6.174 40.000 17.692 -2.308 40.000 12.046 -4.606 40.000
3 16 2.308 -17.692 40.000 17.692 -17.692 40.000 9.305 -15.727 40.000
3 16 4.231 -10.000 40.000 4.892 -7.319 40.000 2.308 -2.308 40.000
3 16 14.318 -13.826 40.000 17.692 -17.692 40.000 15.602 -11.381 40.000
3 16 2.308 -2.308 40.000 2.308 -17.692 40.000 4.231 -10.000 40.000
3 16 4.892 -12.681 40.000 5.519 -11.105 38.846 4.231 -10.000 40.000
3 16 5.913 -12.145 38.846 5.519 -11.105 38.846 4.892 -12.681 40.000
3 16 6.723 -14.748 40.000 6.545 -13.061 38.846 4.892 -12.681 40.000
3 16 7.378 -13.798 38.846 6.545 -13.061 38.846 6.723 -14.748 40.000
3 16 9.305 -15.727 40.000 8.363 -14.315 38.846 6.723 -14.748 40.000
3 16 9.444 -14.582 38.846 8.363 -14.315 38.846 9.305 -15.727 40.000
3 16 12.046 -15.394 40.000 10.556 -14.582 38.846 9.305 -15.727 40.000
3 16 11.637 -14.315 38.846 10.556 -14.582 38.846 12.046 -15.394 40.000
3 16 14.318 -13.826 40.000 12.622 -13.798 38.846 12.046 -15.394 40.000
3 16 13.455 -13.061 38.846 12.622 -13.798 38.846 14.318 -13.826 40.000
3 16 14.481 -11.105 38.846 14.087 -12.145 38.846 15.602 -11.381 40.000
3 16 14.318 -13.826 40.000 15.602 -11.381 40.000 14.087 -12.145 38.846
3 16 14.615 -10.000 38.846 14.481 -11.105 38.846 15.769 -10.000 40.000
3 16 14.481 -8.895 38.846 14.615 -10.000 38.846 15.602 -8.619 40.000
3 16 15.769 -10.000 40.000 15.602 -8.619 40.000 14.615 -10.000 38.846
3 16 14.318 -6.174 40.000 14.087 -7.855 38.846 15.602 -8.619 40.000
3 16 13.455 -6.939 38.846 14.087 -7.855 38.846 14.318 -6.174 40.000
3 16 12.046 -4.606 40.000 12.622 -6.202 38.846 14.318 -6.174 40.000
3 16 11.637 -5.685 38.846 12.622 -6.202 38.846 12.046 -4.606 40.000
3 16 9.305 -4.273 40.000 10.556 -5.418 38.846 12.046 -4.606 40.000
3 16 9.444 -5.418 38.846 10.556 -5.418 38.846 9.305 -4.273 40.000
3 16 6.723 -5.252 40.000 8.363 -5.685 38.846 9.305 -4.273 40.000
3 16 7.378 -6.202 38.846 8.363 -5.685 38.846 6.723 -5.252 40.000
3 16 4.892 -7.319 40.000 6.545 -6.939 38.846 6.723 -5.252 40.000
3 16 5.913 -7.855 38.846 6.545 -6.939 38.846 4.892 -7.319 40.000
3 16 4.231 -10.000 40.000 5.519 -8.895 38.846 4.892 -7.319 40.000
3 16 5.385 -10.000 38.846 5.519 -8.895 38.846 4.231 -10.000 40.000
3 16 5.913 -7.855 38.846 4.892 -7.319 40.000 5.519 -8.895 38.846
3 16 7.378 -6.202 38.846 6.723 -5.252 40.000 6.545 -6.939 38.846
3 16 9.444 -5.418 38.846 9.305 -4.273 40.000 8.363 -5.685 38.846
3 16 11.637 -5.685 38.846 12.046 -4.606 40.000 10.556 -5.418 38.846
3 16 13.455 -6.939 38.846 14.318 -6.174 40.000 12.622 -6.202 38.846
3 16 14.481 -8.895 38.846 15.602 -8.619 40.000 14.087 -7.855 38.846
3 16 15.602 -11.381 40.000 15.769 -10.000 40.000 14.481 -11.105 38.846
3 16 13.455 -13.061 38.846 14.318 -13.826 40.000 14.087 -12.145 38.846
3 16 11.637 -14.315 38.846 12.046 -15.394 40.000 12.622 -13.798 38.846
3 16 9.444 -14.582 38.846 9.305 -15.727 40.000 10.556 -14.582 38.846
3 16 7.378 -13.798 38.846 6.723 -14.748 40.000 8.363 -14.315 38.846
3 16 5.913 -12.145 38.846 4.892 -12.681 40.000 6.545 -13.061 38.846
3 16 5.385 -10.000 38.846 4.231 -10.000 40.000 5.519 -11.105 38.846
3 16 14.615 -10.000 38.462 14.481 -8.895 38.846 14.087 -7.855 38.462
3 16 14.615 -10.000 38.846 14.481 -8.895 38.846 14.615 -10.000 38.462
3 16 14.087 -7.855 38.462 13.455 -6.939 38.846 12.622 -6.202 38.462
3 16 14.087 -7.855 38.846 13.455 -6.939 38.846 14.087 -7.855 38.462
3 16 12.622 -6.202 38.462 11.637 -5.685 38.846 10.556 -5.418 38.462
3 16 12.622 -6.202 38.846 11.637 -5.685 38.846 12.622 -6.202 38.462
3 16 10.556 -5.418 38.462 9.444 -5.418 38.846 8.363 -5.685 38.462
3 16 10.556 -5.418 38.846 9.444 -5.418 38.846 10.556 -5.418 38.462
3 16 8.363 -5.685 38.462 7.378 -6.202 38.846 6.545 -6.939 38.462
3 16 8.363 -5.685 38.846 7.378 -6.202 38.846 8.363 -5.685 38.462
3 16 6.545 -6.939 38.462 5.913 -7.855 38.846 5.519 -8.895 38.462
3 16 6.545 -6.939 38.846 5.913 -7.855 38.846 6.545 -6.939 38.462
3 16 5.519 -8.895 38.462 5.385 -10.000 38.846 5.519 -11.105 38.462
3 16 5.519 -8.895 38.846 5.385 -10.000 38.846 5.519 -8.895 38.462
3 16 5.519 -11.105 38.846 5.913 -12.145 38.846 5.519 -11.105 38.462
3 16 6.545 -13.061 38.462 5.519 -11.105 38.462 5.913 -12.145 38.846
3 16 6.545 -13.061 38.846 7.378 -13.798 38.846 6.545 -13.061 38.462
3 16 8.363 -14.315 38.462 6.545 -13.061 38.462 7.378 -13.798 38.846
3 16 8.363 -14.315 38.462 9.444 -14.582 38.846 10.556 -14.582 38.462
3 16 8.363 -14.315 38.846 9.444 -14.582 38.846 8.363 -14.315 38.462
3 16 10.556 -14.582 38.462 11.637 -14.315 38.846 12.622 -13.798 38.462
3 16 10.556 -14.582 38.846 11.637 -14.315 38.846 10.556 -14.582 38.462
3 16 12.622 -13.798 38.462 13.455 -13.061 38.846 14.087 -12.145 38.462
3 16 12.622 -13.798 38.846 13.455 -13.061 38.846 12.622 -13.798 38.462
3 16 14.087 -12.145 38.462 14.481 -11.105 38.846 14.615 -10.000 38.462
3 16 14.087 -12.145 38.846 14.481 -11.105 38.846 14.087 -12.145 38.462
3 16 14.615 -10.000 38.846 14.615 -10.000 38.462 14.481 -11.105 38.846
3 16 14.087 -12.145 38.846 14.087 -12.145 38.462 13.455 -13.061 38.846
3 16 12.622 -13.798 38.846 12.622 -13.798 38.462 11.637 -14.315 38.846
3 16 10.556 -14.582 38.846 10.556 -14.582 38.462 9.444 -14.582 38.846
3 16 8.363 -14.315 38.846 8.363 -14.315 38.462 7.378 -13.798 38.846
3 16 6.545 -13.061 38.846 6.545 -13.061 38.462 5.913 -12.145 38.846
3 16 5.519 -11.105 38.846 5.519 -11.105 38.462 5.385 -10.000 38.846
3 16 5.519 -8.895 38.846 5.519 -8.895 38.462 5.913 -7.855 38.846
3 16 6.545 -6.939 38.846 6.545 -6.939 38.462 7.378 -6.202 38.846
3 16 8.363 -5.685 38.846 8.363 -5.685 38.462 9.444 -5.418 38.846
3 16 10.556 -5.418 38.846 10.556 -5.418 38.462 11.637 -5.685 38.846
3 16 12.622 -6.202 38.846 12.622 -6.202 38.462 13.455 -6.939 38.846
3 16 14.087 -7.855 38.846 14.087 -7.855 38.462 14.481 -8.895 38.846
3 16 20.000 -11.381 35.602 18.846 -11.105 34.481 20.000 -10.000 35.769
3 16 20.000 -13.826 34.318 18.846 -13.061 33.455 20.000 -11.381 35.602
3 16 20.000 -15.394 32.046 18.846 -14.315 31.637 20.000 -13.826 34.318
3 16 20.000 -15.727 29.305 18.846 -14.582 29.444 20.000 -15.394 32.046
3 16 20.000 -14.748 26.723 18.846 -13.798 27.378 20.000 -15.727 29.305
3 16 20.000 -12.681 24.892 18.846 -12.145 25.913 20.000 -14.748 26.723
3 16 20.000 -10.000 24.231 18.846 -10.000 25.385 20.000 -12.681 24.892
3 16 20.000 -7.319 24.892 18.846 -7.855 25.913 20.000 -10.000 24.231
3 16 20.000 -5.252 26.723 18.846 -6.202 27.378 20.000 -7.319 24.892
3 16 20.000 -4.273 29.305 18.846 -5.418 29.444 20.000 -5.252 26.723
3 16 20.000 -4.606 32.046 18.846 -5.685 31.637 20.000 -4.273 29.305
3 16 20.000 -6.174 34.318 18.846 -6.939 33.455 20.000 -4.606 32.046
3 16 20.000 -8.619 35.602 18.846 -8.895 34.481 20.000 -6.174 34.318
3 16 20.000 -10.000 35.769 18.846 -10.000 34.615 20.000 -8.619 35.602
3 16 18.846 -8.895 34.481 20.000 -8.619 35.602 18.846 -10.000 34.615
3 16 18.846 -6.939 33.455 20.000 -6.174 34.318 18.846 -8.895 34.481
3 16 18.846 -5.685 31.637 20.000 -4.606 32.046 18.846 -6.939 33.455
3 16 18.846 -5.418 29.444 20.000 -4.273 29.305 18.846 -5.685 31.637
3 16 18.846 -6.202 27.378 20.000 -5.252 26.723 18.846 -5.418 29.444
3 16 18.846 -7.855 25.913 20.000 -7.319 24.892 18.846 -6.202 27.378
3 16 18.846 -10.000 25.385 20.000 -10.000 24.231 18.846 -7.855 25.913
3 16 18.846 -12.145 25.913 20.000 -12.681 24.892 18.846 -10.000 25.385
3 16 18.846 -13.798 27.378 20.000 -14.748 26.723 18.846 -12.145 25.913
3 16 18.846 -14.582 29.444 20.000 -15.727 29.305 18.846 -13.798 27.378
3 16 18.846 -14.315 31.637 20.000 -15.394 32.046 18.846 -14.582 29.444
3 16 18.846 -13.061 33.455 20.000 -13.826 34.318 18.846 -14.315 31.637
3 16 18.846 -11.105 34.481 20.000 -11.381 35.602 18.846 -13.061 33.455
3 16 18.846 -10.000 34.615 20.000 -10.000 35.769 18.846 -11.105 34.481
3 16 18.462 -10.000 25.385 18.846 -10.000 25.385 18.462 -7.855 25.913
3 16 18.462 -7.855 25.913 18.846 -7.855 25.913 18.462 -6.202 27.378
3 16 18.462 -6.202 27.378 18.846 -6.202 27.378 18.462 -5.418 29.444
3 16 18.462 -5.418 29.444 18.846 -5.418 29.444 18.462 -5.685 31.637
3 16 18.462 -5.685 31.637 18.846 -5.685 31.637 18.462 -6.939 33.455
3 16 18.462 -6.939 33.455 18.846 -6.939 33.455 18.462 -8.895 34.481
3 16 18.462 -8.895 34.481 18.846 -10.000 34.615 18.462 -11.105 34.481
3 16 18.846 -8.895 34.481 18.846 -10.000 34.615 18.462 -8.895 34.481
3 16 18.462 -11.105 34.481 18.846 -11.105 34.481 18.462 -13.061 33.455
3 16 18.462 -13.061 33.455 18.846 -13.061 33.455 18.462 -14.315 31.637
3 16 18.462 -14.315 31.637 18.846 -14.315 31.637 18.462 -14.582 29.444
3 16 18.462 -14.582 29.444 18.846 -14.582 29.444 18.462 -13.798 27.378
3 16 18.462 -13.798 27.378 18.846 -13.798 27.378 18.462 -12.145 25.913
3 16 18.462 -12.145 25.913 18.846 -12.145 25.913 18.462 -10.000 25.385
3 16 18.846 -10.000 25.385 18.462 -10.000 25.385 18.846 -12.145 25.913
3 16 18.846 -12.145 25.913 18.462 -12.145 25.913 18.846 -13.798 27.378
3 16 18.846 -13.798 27.378 18.462 -13.798 27.378 18.846 -14.582 29.444
3 16 18.846 -14.582 29.444 18.462 -14.582 29.444 18.846 -14.315 31.637
3 16 18.846 -14.315 31.637 18.462 -14.315 31.637 18.846 -13.061 33.455
3 16 18.846 -13.061 33.455 18.462 -13.061 33.455 18.846 -11.105 34.481
3 16 18.846 -11.105 34.481 18.462 -11.105 34.481 18.846 -10.000 34.615
3 16 18.846 -8.895 34.481 18.462 -8.895 34.481 18.846 -6.939 33.455
3 16 18.846 -6.939 33.455 18.462 -6.939 33.455 18.846 -5.685 31.637
3 16 18.846 -5.685 31.637 18.462 -5.685 31.637 18.846 -5.418 29.444
3 16 18.846 -5.418 29.444 18.462 -5.418 29.444 18.846 -6.202 27.378
3 16 18.846 -6.202 27.378 18.462 -6.202 27.378 18.846 -7.855 25.913
3 16 18.846 -7.855 25.913 18.462 -7.855 25.913 18.846 -10.000 25.385
3 16 4.892 -20.000 27.319 5.913 -18.846 27.855 4.231 -20.000 30.000
3 16 6.723 -20.000 25.252 7.378 -18.846 26.202 4.892 -20.000 27.319
3 16 9.305 -20.000 24.273 9.444 -18.846 25.418 6.723 -20.000 25.252
3 16 12.046 -20.000 24.606 11.637 -18.846 25.685 9.305 -20.000 24.273
3 16 14.318 -20.000 26.174 13.455 -18.846 26.939 12.046 -20.000 24.606
3 16 15.602 -20.000 28.619 14.481 -18.846 28.895 14.318 -20.000 26.174
3 16 15.602 -20.000 31.381 14.481 -18.846 31.105 15.602 -20.000 28.619
3 16 14.318 -20.000 33.826 13.455 -18.846 33.061 15.602 -20.000 31.381
3 16 12.046 -20.000 35.394 11.637 -18.846 34.315 14.318 -20.000 33.826
3 16 9.305 -20.000 35.727 9.444 -18.846 34.582 12.046 -20.000 35.394
3 16 6.723 -20.000 34.748 7.378 -18.846 33.798 9.305 -20.000 35.727
3 16 4.892 -20.000 32.681 5.913 -18.846 32.145 6.723 -20.000 34.748
3 16 4.231 -20.000 30.000 5.385 -18.846 30.000 4.892 -20.000 32.681
3 16 5.913 -18.846 32.145 4.892 -20.000 32.681 5.385 -18.846 30.000
3 16 7.378 -18.846 33.798 6.723 -20.000 34.748 5.913 -18.846 32.145
3 16 9.444 -18.846 34.582 9.305 -20.000 35.727 7.378 -18.846 33.798
3 16 11.637 -18.846 34.315 12.046 -20.000 35.394 9.444 -18.846 34.582
3 16 13.455 -18.846 33.061 14.318 -20.000 33.826 11.637 -18.846 34.315
3 16 14.481 -18.846 31.105 15.602 -20.000 31.381 13.455 -18.846 33.061
3 16 14.481 -18.846 28.895 15.602 -20.000 28.619 14.481 -18.846 31.105
3 16 13.455 -18.846 26.939 14.318 -20.000 26.174 14.481 -18.846 28.895
3 16 11.637 -18.846 25.685 12.046 -20.000 24.606 13.455 -18.846 26.939
3 16 9.444 -18.846 25.418 9.305 -20.000 24.273 11.637 -18.846 25.685
3 16 7.378 -18.846 26.202 6.723 -20.000 25.252 9.444 -18.846 25.418
3 16 5.913 -18.846 27.855 4.892 -20.000 27.319 7.378 -18.846 26.202
3 16 5.385 -18.846 30.000 4.231 -20.000 30.000 5.913 -18.846 27.855
3 16 5.385 -18.846 30.000 5.519 -18.462 31.105 5.913 -18.846 32.145
3 16 5.385 -18.462 30.000 5.519 -18.462 31.105 5.385 -18.846 30.000
3 16 5.913 -18.846 32.145 6.545 -18.462 33.061 7.378 -18.846 33.798
3 16 5.913 -18.462 32.145 6.545 -18.462 33.061 5.913 -18.846 32.145
3 16 7.378 -18.846 33.798 8.363 -18.462 34.315 9.444 -18.846 34.582
3 16 7.378 -18.462 33.798 8.363 -18.462 34.315 7.378 -18.846 33.798
3 16 9.444 -18.846 34.582 10.556 -18.462 34.582 11.637 -18.846 34.315
3 16 9.444 -18.462 34.582 10.556 -18.462 34.582 9.444 -18.846 34.582
3 16 11.637 -18.846 34.315 12.622 -18.462 33.798 13.455 -18.846 33.061
3 16 11.637 -18.462 34.315 12.622 -18.462 33.798 11.637 -18.846 34.315
3 16 13.455 -18.846 33.061 14.087 -18.462 32.145 14.481 -18.846 31.105
3 16 13.455 -18.462 33.061 14.087 -18.462 32.145 13.455 -18.846 33.061
3 16 14.481 -18.846 31.105 14.615 -18.462 30.000 14.481 -18.846 28.895
3 16 14.481 -18.462 31.105 14.615 -18.462 30.000 14.481 -18.846 31.105
3 16 14.481 -18.846 28.895 14.087 -18.462 27.855 13.455 -18.846 26.939
3 16 14.481 -18.462 28.895 14.087 -18.462 27.855 14.481 -18.846 28.895
3 16 13.455 -18.846 26.939 12.622 -18.462 26.202 11.637 -18.846 25.685
3 16 13.455 -18.462 26.939 12.622 -18.462 26.202 13.455 -18.846 26.939
3 16 11.637 -18.846 25.685 10.556 -18.462 25.418 9.444 -18.846 25.418
3 16 11.637 -18.462 25.685 10.556 -18.462 25.418 11.637 -18.846 25.685
3 16 9.444 -18.846 25.418 8.363 -18.462 25.685 7.378 -18.846 26.202
3 16 9.444 -18.462 25.418 8.363 -18.462 25.685 9.444 -18.846 25.418
3 16 7.378 -18.846 26.202 6.545 -18.462 26.939 5.913 -18.846 27.855
3 16 7.378 -18.462 26.202 6.545 -18.462 26.939 7.378 -18.846 26.202
3 16 5.913 -18.846 27.855 5.519 -18.462 28.895 5.385 -18.846 30.000
3 16 5.913 -18.462 27.855 5.519 -18.462 28.895 5.913 -18.846 27.855
3 16 5.385 -18.462 30.000 5.385 -18.846 30.000 5.519 -18.462 28.895
3 16 5.913 -18.462 27.855 5.913 -18.846 27.855 6.545 -18.462 26.939
3 16 7.378 -18.462 26.202 7.378 -18.846 26.202 8.363 -18.462 25.685
3 16 9.444 -18.462 25.418 9.444 -18.846 25.418 10.556 -18.462 25.418
3 16 11.637 -18.462 25.685 11.637 -18.846 25.685 12.622 -18.462 26.202
3 16 13.455 -18.462 26.939 13.455 -18.846 26.939 14.087 -18.462 27.855
3 16 14.481 -18.462 28.895 14.481 -18.846 28.895 14.615 -18.462 30.000
3 16 14.481 -18.462 31.105 14.481 -18.846 31.105 14.087 -18.462 32.145
3 16 13.455 -18.462 33.061 13.455 -18.846 33.061 12.622 -18.462 33.798
3 16 11.637 -18.462 34.315 11.637 -18.846 34.315 10.556 -18.462 34.582
3 16 9.444 -18.462 34.582 9.444 -18.846 34.582 8.363 -18.462 34.315
3 16 7.378 -18.462 33.798 7.378 -18.846 33.798 6.545 -18.462 33.061
3 16 5.913 -18.462 32.145 5.913 -18.846 32.145 5.519 -18.462 31.105
3 16 14.627 -12.429 35.000 13.695 -13.695 35.000 14.087 -12.145 38.462
3 16 12.622 -13.798 38.462 14.087 -12.145 38.462 13.695 -13.695 35.000
3 16 6.545 -13.061 38.462 8.363 -14.315 38.462 6.305 -13.695 35.000
3 16 8.481 -5.000 35.000 8.363 -5.685 38.462 6.305 -6.305 35.000
3 16 12.622 -6.202 38.462 13.695 -6.305 35.000 14.087 -7.855 38.462
3 16 12.969 -5.699 35.000 13.695 -6.305 35.000 12.622 -6.202 38.462
3 16 12.622 -13.798 38.462 11.519 -15.000 35.000 10.556 -14.582 38.462
3 16 12.969 -14.301 35.000 11.519 -15.000 35.000 12.622 -13.798 38.462
3 16 8.363 -14.315 38.462 10.556 -14.582 38.462 8.481 -15.000 35.000
3 16 5.519 -11.105 38.462 6.545 -13.061 38.462 5.000 -11.519 35.000
3 16 6.305 -13.695 35.000 5.000 -11.519 35.000 6.545 -13.061 38.462
3 16 4.938 -11.252 35.062 4.808 -10.000 35.192 5.519 -11.105 38.462
3 16 5.519 -8.895 38.462 5.519 -11.105 38.462 4.808 -10.000 35.192
3 16 6.305 -6.305 35.000 6.545 -6.939 38.462 5.000 -8.481 35.000
3 16 8.363 -5.685 38.462 8.748 -4.938 35.062 10.556 -5.418 38.462
3 16 8.481 -5.000 35.000 8.748 -4.938 35.062 8.363 -5.685 38.462
3 16 10.627 -4.840 35.160 11.519 -5.000 35.000 10.556 -5.418 38.462
3 16 12.622 -6.202 38.462 10.556 -5.418 38.462 11.519 -5.000 35.000
3 16 14.087 -7.855 38.462 15.062 -8.748 35.062 14.615 -10.000 38.462
3 16 14.627 -7.571 35.000 15.000 -8.481 35.000 14.087 -7.855 38.462
3 16 15.062 -8.748 35.062 14.087 -7.855 38.462 15.000 -8.481 35.000
3 16 14.615 -10.000 38.462 15.192 -10.000 35.192 14.087 -12.145 38.462
3 16 15.000 -11.519 35.000 14.087 -12.145 38.462 15.192 -10.000 35.192
3 16 14.627 -12.429 35.000 14.087 -12.145 38.462 15.000 -11.519 35.000
3 16 15.192 -10.000 35.192 14.615 -10.000 38.462 15.062 -8.748 35.062
3 16 12.969 -5.699 35.000 12.622 -6.202 38.462 11.519 -5.000 35.000
3 16 10.627 -4.840 35.160 10.556 -5.418 38.462 8.748 -4.938 35.062
3 16 5.519 -8.895 38.462 5.000 -8.481 35.000 6.545 -6.939 38.462
3 16 5.000 -8.481 35.000 5.519 -8.895 38.462 4.808 -10.000 35.192
3 16 4.938 -11.252 35.062 5.519 -11.105 38.462 5.000 -11.519 35.000
3 16 10.627 -15.160 35.160 8.481 -15.000 35.000 10.556 -14.582 38.462
3 16 10.627 -15.160 35.160 10.556 -14.582 38.462 11.519 -15.000 35.000
3 16 14.627 -7.571 35.000 14.087 -7.855 38.462 13.695 -6.305 35.000
3 16 6.545 -6.939 38.462 6.305 -6.305 35.000 8.363 -5.685 38.462
3 16 8.481 -15.000 35.000 6.305 -13.695 35.000 8.363 -14.315 38.462
3 16 12.969 -14.301 35.000 12.622 -13.798 38.462 13.695 -13.695 35.000
3 16 12.671 -14.360 34.360 12.969 -14.301 35.000 13.509 -13.509 33.509
3 16 13.695 -13.695 35.000 13.509 -13.509 33.509 12.969 -14.301 35.000
3 16 13.695 -13.695 35.000 14.627 -12.429 35.000 14.360 -12.671 34.360
3 16 15.000 -11.519 35.000 14.360 -12.671 34.360 14.627 -12.429 35.000
3 16 13.509 -13.509 33.509 13.695 -13.695 35.000 14.360 -12.671 34.360
3 16 11.519 -15.000 35.000 12.969 -14.301 35.000 12.671 -14.360 34.360
3 16 15.000 -15.000 31.519 14.360 -14.360 32.671 15.000 -13.695 33.695
3 16 13.509 -13.509 33.509 14.360 -12.671 34.360 15.000 -13.695 33.695
3 16 15.000 -11.519 35.000 15.000 -13.695 33.695 14.360 -12.671 34.360
3 16 13.509 -13.509 33.509 15.000 -13.695 33.695 14.360 -14.360 32.671
3 16 13.695 -15.000 33.695 12.969 -15.000 34.301 13.509 -13.509 33.509
3 16 11.519 -15.000 35.000 12.671 -14.360 34.360 12.969 -15.000 34.301
3 16 15.000 -15.000 31.519 14.627 -15.000 32.429 14.360 -14.360 32.671
3 16 13.509 -13.509 33.509 14.360 -14.360 32.671 13.695 -15.000 33.695
3 16 13.695 -15.000 33.695 14.360 -14.360 32.671 14.627 -15.000 32.429
3 16 12.671 -14.360 34.360 13.509 -13.509 33.509 12.969 -15.000 34.301
3 16 15.000 -8.481 35.000 14.627 -7.571 35.000 14.360 -7.329 34.360
3 16 13.509 -6.491 33.509 14.360 -7.329 34.360 13.695 -6.305 35.000
3 16 13.695 -6.305 35.000 12.969 -5.699 35.000 13.509 -6.491 33.509
3 16 11.519 -5.000 35.000 12.671 -5.640 34.360 12.969 -5.699 35.000
3 16 12.671 -5.640 34.360 13.509 -6.491 33.509 12.969 -5.699 35.000
3 16 13.695 -6.305 35.000 14.360 -7.329 34.360 14.627 -7.571 35.000
3 16 15.000 -5.000 31.519 14.360 -5.640 32.671 13.695 -5.000 33.695
3 16 13.509 -6.491 33.509 12.671 -5.640 34.360 13.695 -5.000 33.695
3 16 11.519 -5.000 35.000 13.695 -5.000 33.695 12.671 -5.640 34.360
3 16 13.509 -6.491 33.509 13.695 -5.000 33.695 14.360 -5.640 32.671
3 16 15.000 -8.481 35.000 14.360 -7.329 34.360 15.000 -6.305 33.695
3 16 13.509 -6.491 33.509 14.360 -5.640 32.671 15.000 -6.305 33.695
3 16 15.000 -5.000 31.519 15.000 -6.305 33.695 14.360 -5.640 32.671
3 16 13.509 -6.491 33.509 15.000 -6.305 33.695 14.360 -7.329 34.360
3 16 15.000 -12.429 25.373 15.000 -13.695 26.305 18.462 -12.145 25.913
3 16 18.462 -13.798 27.378 18.462 -12.145 25.913 15.000 -13.695 26.305
3 16 18.462 -13.061 33.455 18.462 -14.315 31.637 15.000 -13.695 33.695
3 16 15.000 -5.000 31.519 18.462 -5.685 31.637 15.000 -6.305 33.695
3 16 18.462 -6.202 27.378 15.000 -6.305 26.305 18.462 -7.855 25.913
3 16 15.000 -5.699 27.031 15.000 -6.305 26.305 18.462 -6.202 27.378
3 16 18.462 -13.798 27.378 15.000 -15.000 28.481 18.462 -14.582 29.444
3 16 15.000 -14.301 27.031 15.000 -15.000 28.481 18.462 -13.798 27.378
3 16 18.462 -14.582 29.444 15.192 -15.192 30.000 18.462 -14.315 31.637
3 16 15.159 -15.159 29.368 15.192 -15.192 30.000 18.462 -14.582 29.444
3 16 18.462 -11.105 34.481 18.462 -13.061 33.455 15.000 -11.519 35.000
3 16 18.462 -11.105 34.481 15.192 -10.000 35.192 18.462 -8.895 34.481
3 16 15.000 -11.519 35.000 15.192 -10.000 35.192 18.462 -11.105 34.481
3 16 15.000 -6.305 33.695 18.462 -6.939 33.455 15.000 -8.481 35.000
3 16 15.062 -8.748 35.062 15.000 -8.481 35.000 18.462 -8.895 34.481
3 16 15.160 -4.840 29.374 18.462 -5.418 29.444 15.000 -5.000 31.519
3 16 15.160 -4.840 29.374 15.000 -5.000 28.481 18.462 -5.418 29.444
3 16 18.462 -6.202 27.378 18.462 -5.418 29.444 15.000 -5.000 28.481
3 16 15.000 -8.481 25.000 15.192 -10.000 24.808 18.462 -7.855 25.913
3 16 15.000 -7.571 25.373 15.000 -8.481 25.000 18.462 -7.855 25.913
3 16 15.062 -11.252 24.938 15.000 -11.519 25.000 18.462 -12.145 25.913
3 16 15.192 -10.000 24.808 15.062 -11.252 24.938 18.462 -10.000 25.385
3 16 18.462 -12.145 25.913 18.462 -10.000 25.385 15.062 -11.252 24.938
3 16 15.000 -12.429 25.373 18.462 -12.145 25.913 15.000 -11.519 25.000
3 16 18.462 -10.000 25.385 18.462 -7.855 25.913 15.192 -10.000 24.808
3 16 15.000 -5.699 27.031 18.462 -6.202 27.378 15.000 -5.000 28.481
3 16 18.462 -5.685 31.637 15.000 -5.000 31.519 18.462 -5.418 29.444
3 16 18.462 -8.895 34.481 15.000 -8.481 35.000 18.462 -6.939 33.455
3 16 15.062 -8.748 35.062 18.462 -8.895 34.481 15.192 -10.000 35.192
3 16 15.000 -13.695 33.695 15.000 -11.519 35.000 18.462 -13.061 33.455
3 16 15.000 -15.000 31.519 18.462 -14.315 31.637 15.192 -15.192 30.000
3 16 15.159 -15.159 29.368 18.462 -14.582 29.444 15.000 -15.000 28.481
3 16 15.000 -7.571 25.373 18.462 -7.855 25.913 15.000 -6.305 26.305
3 16 18.462 -6.939 33.455 15.000 -6.305 33.695 18.462 -5.685 31.637
3 16 15.000 -15.000 31.519 15.000 -13.695 33.695 18.462 -14.315 31.637
3 16 15.000 -14.301 27.031 18.462 -13.798 27.378 15.000 -13.695 26.305
3 16 5.000 -8.481 35.000 5.640 -7.329 34.360 6.305 -6.305 35.000
3 16 6.491 -6.491 33.509 7.329 -5.640 34.360 6.305 -6.305 35.000
3 16 8.481 -5.000 35.000 6.305 -6.305 35.000 7.329 -5.640 34.360
3 16 6.491 -6.491 33.509 6.305 -6.305 35.000 5.640 -7.329 34.360
3 16 8.481 -5.000 35.000 7.329 -5.640 34.360 6.305 -5.000 33.695
3 16 6.491 -6.491 33.509 5.640 -5.640 32.671 6.305 -5.000 33.695
3 16 5.000 -5.000 31.519 6.305 -5.000 33.695 5.640 -5.640 32.671
3 16 6.491 -6.491 33.509 6.305 -5.000 33.695 7.329 -5.640 34.360
3 16 5.000 -8.481 35.000 5.000 -7.571 34.627 5.640 -7.329 34.360
3 16 6.491 -6.491 33.509 5.640 -7.329 34.360 5.000 -6.305 33.695
3 16 5.000 -6.305 33.695 5.000 -5.699 32.969 6.491 -6.491 33.509
3 16 5.000 -5.000 31.519 5.640 -5.640 32.671 5.000 -5.699 32.969
3 16 5.640 -5.640 32.671 6.491 -6.491 33.509 5.000 -5.699 32.969
3 16 5.000 -6.305 33.695 5.640 -7.329 34.360 5.000 -7.571 34.627
3 16 12.429 -5.000 25.373 13.695 -5.000 26.305 12.145 -1.538 25.913
3 16 13.798 -1.538 27.378 12.145 -1.538 25.913 13.695 -5.000 26.305
3 16 13.061 -1.538 33.455 14.315 -1.538 31.637 13.695 -5.000 33.695
3 16 5.000 -5.000 31.519 5.685 -1.538 31.637 6.305 -5.000 33.695
3 16 6.202 -1.538 27.378 6.305 -5.000 26.305 7.855 -1.538 25.913
3 16 5.699 -5.000 27.031 6.305 -5.000 26.305 6.202 -1.538 27.378
3 16 13.798 -1.538 27.378 15.000 -5.000 28.481 14.582 -1.538 29.444
3 16 14.301 -5.000 27.031 15.000 -5.000 28.481 13.798 -1.538 27.378
3 16 14.315 -1.538 31.637 14.582 -1.538 29.444 15.000 -5.000 31.519
3 16 11.105 -1.538 34.481 13.061 -1.538 33.455 11.519 -5.000 35.000
3 16 11.105 -1.538 34.481 10.627 -4.840 35.160 8.895 -1.538 34.481
3 16 11.519 -5.000 35.000 10.627 -4.840 35.160 11.105 -1.538 34.481
3 16 6.305 -5.000 33.695 6.939 -1.538 33.455 8.481 -5.000 35.000
3 16 8.748 -4.938 35.062 8.481 -5.000 35.000 8.895 -1.538 34.481
3 16 5.685 -1.538 31.637 4.841 -4.841 30.634 5.418 -1.538 29.444
3 16 5.000 -5.000 31.519 4.841 -4.841 30.634 5.685 -1.538 31.637
3 16 4.840 -4.840 29.374 5.000 -5.000 28.481 5.418 -1.538 29.444
3 16 6.202 -1.538 27.378 5.418 -1.538 29.444 5.000 -5.000 28.481
3 16 8.481 -5.000 25.000 9.368 -4.841 24.841 7.855 -1.538 25.913
3 16 7.571 -5.000 25.373 8.481 -5.000 25.000 7.855 -1.538 25.913
3 16 10.000 -1.538 25.385 7.855 -1.538 25.913 9.368 -4.841 24.841
3 16 10.000 -1.538 25.385 10.000 -4.808 24.808 12.145 -1.538 25.913
3 16 11.519 -5.000 25.000 12.145 -1.538 25.913 10.000 -4.808 24.808
3 16 12.429 -5.000 25.373 12.145 -1.538 25.913 11.519 -5.000 25.000
3 16 10.000 -4.808 24.808 10.000 -1.538 25.385 9.368 -4.841 24.841
3 16 5.699 -5.000 27.031 6.202 -1.538 27.378 5.000 -5.000 28.481
3 16 4.840 -4.840 29.374 5.418 -1.538 29.444 4.841 -4.841 30.634
3 16 8.895 -1.538 34.481 8.481 -5.000 35.000 6.939 -1.538 33.455
3 16 8.748 -4.938 35.062 8.895 -1.538 34.481 10.627 -4.840 35.160
3 16 13.695 -5.000 33.695 11.519 -5.000 35.000 13.061 -1.538 33.455
3 16 15.160 -4.840 29.374 15.000 -5.000 31.519 14.582 -1.538 29.444
3 16 15.160 -4.840 29.374 14.582 -1.538 29.444 15.000 -5.000 28.481
3 16 7.571 -5.000 25.373 7.855 -1.538 25.913 6.305 -5.000 26.305
3 16 6.939 -1.538 33.455 6.305 -5.000 33.695 5.685 -1.538 31.637
3 16 15.000 -5.000 31.519 13.695 -5.000 33.695 14.315 -1.538 31.637
3 16 14.301 -5.000 27.031 13.798 -1.538 27.378 13.695 -5.000 26.305
3 16 13.695 -5.000 26.305 12.429 -5.000 25.373 12.671 -5.640 25.640
3 16 11.519 -5.000 25.000 12.671 -5.640 25.640 12.429 -5.000 25.373
3 16 14.360 -5.640 27.329 14.301 -5.000 27.031 13.509 -6.491 26.491
3 16 13.695 -5.000 26.305 13.509 -6.491 26.491 14.301 -5.000 27.031
3 16 15.000 -5.000 28.481 14.301 -5.000 27.031 14.360 -5.640 27.329
3 16 13.509 -6.491 26.491 13.695 -5.000 26.305 12.671 -5.640 25.640
3 16 15.000 -8.481 25.000 14.360 -7.329 25.640 13.912 -6.535 25.000
3 16 11.519 -5.000 25.000 11.853 -5.114 25.000 12.671 -5.640 25.640
3 16 13.509 -6.491 26.491 12.671 -5.640 25.640 13.912 -6.535 25.000
3 16 13.912 -6.535 25.000 12.671 -5.640 25.640 11.853 -5.114 25.000
3 16 13.509 -6.491 26.491 13.912 -6.535 25.000 14.360 -7.329 25.640
3 16 15.000 -8.481 25.000 15.000 -7.571 25.373 14.360 -7.329 25.640
3 16 13.509 -6.491 26.491 14.360 -7.329 25.640 15.000 -6.305 26.305
3 16 15.000 -6.305 26.305 15.000 -5.699 27.031 13.509 -6.491 26.491
3 16 15.000 -5.000 28.481 14.360 -5.640 27.329 15.000 -5.699 27.031
3 16 14.360 -5.640 27.329 13.509 -6.491 26.491 15.000 -5.699 27.031
3 16 15.000 -6.305 26.305 14.360 -7.329 25.640 15.000 -7.571 25.373
3 16 8.481 -15.000 35.000 7.329 -14.360 34.360 6.305 -13.695 35.000
3 16 6.491 -13.509 33.509 5.640 -12.671 34.360 6.305 -13.695 35.000
3 16 5.000 -11.519 35.000 6.305 -13.695 35.000 5.640 -12.671 34.360
3 16 6.491 -13.509 33.509 6.305 -13.695 35.000 7.329 -14.360 34.360
3 16 5.000 -13.695 33.695 5.000 -12.429 34.627 5.640 -12.671 34.360
3 16 5.000 -11.519 35.000 5.640 -12.671 34.360 5.000 -12.429 34.627
3 16 5.640 -14.360 32.671 5.000 -14.301 32.969 6.491 -13.509 33.509
3 16 5.000 -13.695 33.695 6.491 -13.509 33.509 5.000 -14.301 32.969
3 16 5.000 -15.000 31.519 5.000 -14.301 32.969 5.640 -14.360 32.671
3 16 6.491 -13.509 33.509 5.000 -13.695 33.695 5.640 -12.671 34.360
3 16 8.481 -15.000 35.000 8.147 -15.000 34.886 7.329 -14.360 34.360
3 16 6.491 -13.509 33.509 7.329 -14.360 34.360 6.088 -15.000 33.465
3 16 5.000 -15.000 31.519 5.640 -14.360 32.671 6.088 -15.000 33.465
3 16 6.491 -13.509 33.509 6.088 -15.000 33.465 5.640 -14.360 32.671
3 16 6.088 -15.000 33.465 7.329 -14.360 34.360 8.147 -15.000 34.886
3 16 5.000 -13.695 33.695 1.538 -13.061 33.455 5.000 -12.429 34.627
3 16 1.538 -13.061 33.455 5.000 -13.695 33.695 1.538 -13.798 32.622
3 16 5.000 -14.301 32.969 1.538 -13.798 32.622 5.000 -13.695 33.695
3 16 5.000 -13.465 26.088 1.538 -13.798 27.378 5.000 -14.886 28.147
3 16 1.538 -13.061 26.545 1.538 -13.798 27.378 5.000 -13.465 26.088
3 16 5.000 -5.114 28.147 1.538 -6.202 27.378 5.000 -6.535 26.088
3 16 1.538 -5.685 28.363 1.538 -6.202 27.378 5.000 -5.114 28.147
3 16 5.000 -5.699 32.969 5.000 -6.305 33.695 1.538 -6.202 32.622
3 16 1.538 -7.855 34.087 1.538 -6.939 33.455 5.000 -7.571 34.627
3 16 5.000 -6.305 33.695 5.000 -7.571 34.627 1.538 -6.939 33.455
3 16 5.000 -15.000 31.519 1.538 -14.315 31.637 5.000 -14.301 32.969
3 16 5.000 -15.000 31.519 4.840 -15.160 30.627 1.538 -14.315 31.637
3 16 1.538 -14.582 30.556 1.538 -14.315 31.637 4.840 -15.160 30.627
3 16 4.938 -15.062 28.748 5.000 -15.000 28.481 1.538 -14.315 28.363
3 16 4.938 -15.062 28.748 1.538 -14.582 29.444 4.840 -15.160 30.627
3 16 1.538 -14.315 28.363 1.538 -14.582 29.444 4.938 -15.062 28.748
3 16 1.538 -14.582 30.556 4.840 -15.160 30.627 1.538 -14.582 29.444
3 16 5.000 -11.519 25.000 1.538 -12.145 25.913 5.000 -13.465 26.088
3 16 1.538 -11.105 25.519 1.538 -12.145 25.913 5.000 -11.519 25.000
3 16 1.538 -10.000 25.385 4.808 -10.000 24.808 1.538 -8.895 25.519
3 16 5.000 -11.519 25.000 4.808 -10.000 24.808 1.538 -11.105 25.519
3 16 1.538 -10.000 25.385 1.538 -11.105 25.519 4.808 -10.000 24.808
3 16 1.538 -8.895 25.519 4.938 -8.748 24.938 1.538 -7.855 25.913
3 16 1.538 -6.939 26.545 1.538 -7.855 25.913 5.000 -6.535 26.088
3 16 5.000 -8.481 25.000 5.000 -6.535 26.088 1.538 -7.855 25.913
3 16 4.841 -4.841 30.634 1.538 -5.418 30.556 4.840 -4.840 29.374
3 16 5.000 -5.000 28.481 4.840 -4.840 29.374 1.538 -5.685 28.363
3 16 5.000 -5.114 28.147 5.000 -5.000 28.481 1.538 -5.685 28.363
3 16 1.538 -5.418 29.444 1.538 -5.685 28.363 4.840 -4.840 29.374
3 16 1.538 -5.418 30.556 4.841 -4.841 30.634 1.538 -5.685 31.637
3 16 1.538 -6.202 32.622 1.538 -5.685 31.637 5.000 -5.699 32.969
3 16 5.000 -5.000 31.519 5.000 -5.699 32.969 1.538 -5.685 31.637
3 16 5.000 -7.571 34.627 5.000 -8.481 35.000 1.538 -7.855 34.087
3 16 5.000 -8.481 35.000 4.808 -10.000 35.192 1.538 -8.895 34.481
3 16 1.538 -10.000 34.615 1.538 -8.895 34.481 4.808 -10.000 35.192
3 16 4.938 -11.252 35.062 5.000 -11.519 35.000 1.538 -12.145 34.087
3 16 1.538 -10.000 34.615 4.808 -10.000 35.192 1.538 -11.105 34.481
3 16 1.538 -12.145 34.087 1.538 -11.105 34.481 4.938 -11.252 35.062
3 16 4.938 -11.252 35.062 1.538 -11.105 34.481 4.808 -10.000 35.192
3 16 5.000 -12.429 34.627 1.538 -12.145 34.087 5.000 -11.519 35.000
3 16 1.538 -8.895 34.481 1.538 -7.855 34.087 5.000 -8.481 35.000
3 16 5.000 -5.000 31.519 1.538 -5.685 31.637 4.841 -4.841 30.634
3 16 1.538 -5.418 29.444 4.840 -4.840 29.374 1.538 -5.418 30.556
3 16 5.000 -8.481 25.000 1.538 -7.855 25.913 4.938 -8.748 24.938
3 16 4.938 -8.748 24.938 1.538 -8.895 25.519 4.808 -10.000 24.808
3 16 1.538 -13.061 26.545 5.000 -13.465 26.088 1.538 -12.145 25.913
3 16 5.000 -14.886 28.147 1.538 -14.315 28.363 5.000 -15.000 28.481
3 16 1.538 -13.798 32.622 5.000 -14.301 32.969 1.538 -14.315 31.637
3 16 1.538 -6.939 33.455 1.538 -6.202 32.622 5.000 -6.305 33.695
3 16 1.538 -6.939 26.545 5.000 -6.535 26.088 1.538 -6.202 27.378
3 16 1.538 -14.315 28.363 5.000 -14.886 28.147 1.538 -13.798 27.378
3 16 1.538 -12.145 34.087 5.000 -12.429 34.627 1.538 -13.061 33.455
3 16 6.305 -5.000 26.305 5.699 -5.000 27.031 6.491 -6.491 26.491
3 16 5.000 -5.000 28.481 5.640 -5.640 27.329 5.699 -5.000 27.031
3 16 8.481 -5.000 25.000 7.571 -5.000 25.373 7.329 -5.640 25.640
3 16 6.491 -6.491 26.491 7.329 -5.640 25.640 6.305 -5.000 26.305
3 16 6.305 -5.000 26.305 7.329 -5.640 25.640 7.571 -5.000 25.373
3 16 5.640 -5.640 27.329 6.491 -6.491 26.491 5.699 -5.000 27.031
3 16 5.000 -8.481 25.000 5.373 -7.571 25.000 5.640 -7.329 25.640
3 16 6.491 -6.491 26.491 5.640 -7.329 25.640 6.305 -6.305 25.000
3 16 6.305 -6.305 25.000 7.031 -5.699 25.000 6.491 -6.491 26.491
3 16 8.481 -5.000 25.000 7.329 -5.640 25.640 7.031 -5.699 25.000
3 16 7.329 -5.640 25.640 6.491 -6.491 26.491 7.031 -5.699 25.000
3 16 6.305 -6.305 25.000 5.640 -7.329 25.640 5.373 -7.571 25.000
3 16 5.000 -8.481 25.000 5.640 -7.329 25.640 5.000 -6.535 26.088
3 16 5.000 -5.000 28.481 5.000 -5.114 28.147 5.640 -5.640 27.329
3 16 6.491 -6.491 26.491 5.640 -5.640 27.329 5.000 -6.535 26.088
3 16 5.000 -6.535 26.088 5.640 -5.640 27.329 5.000 -5.114 28.147
3 16 6.491 -6.491 26.491 5.000 -6.535 26.088 5.640 -7.329 25.640
3 16 6.305 -13.695 25.000 6.545 -13.061 21.538 5.373 -12.429 25.000
3 16 6.545 -13.061 21.538 6.305 -13.695 25.000 7.378 -13.798 21.538
3 16 7.031 -14.301 25.000 7.378 -13.798 21.538 6.305 -13.695 25.000
3 16 13.912 -13.465 25.000 12.622 -13.798 21.538 11.853 -14.886 25.000
3 16 13.455 -13.061 21.538 12.622 -13.798 21.538 13.912 -13.465 25.000
3 16 11.853 -5.114 25.000 12.622 -6.202 21.538 13.912 -6.535 25.000
3 16 11.637 -5.685 21.538 12.622 -6.202 21.538 11.853 -5.114 25.000
3 16 7.031 -5.699 25.000 6.305 -6.305 25.000 7.378 -6.202 21.538
3 16 5.913 -7.855 21.538 6.545 -6.939 21.538 5.373 -7.571 25.000
3 16 6.305 -6.305 25.000 5.373 -7.571 25.000 6.545 -6.939 21.538
3 16 8.481 -15.000 25.000 8.363 -14.315 21.538 7.031 -14.301 25.000
3 16 8.481 -15.000 25.000 9.374 -15.160 24.840 8.363 -14.315 21.538
3 16 9.444 -14.582 21.538 8.363 -14.315 21.538 9.374 -15.160 24.840
3 16 10.556 -14.582 21.538 10.634 -15.159 24.841 11.637 -14.315 21.538
3 16 11.519 -15.000 25.000 11.637 -14.315 21.538 10.634 -15.159 24.841
3 16 10.634 -15.159 24.841 10.556 -14.582 21.538 9.374 -15.160 24.840
3 16 9.444 -14.582 21.538 9.374 -15.160 24.840 10.556 -14.582 21.538
3 16 15.000 -11.519 25.000 14.087 -12.145 21.538 13.912 -13.465 25.000
3 16 15.000 -11.519 25.000 15.062 -11.252 24.938 14.087 -12.145 21.538
3 16 14.481 -11.105 21.538 14.087 -12.145 21.538 15.062 -11.252 24.938
3 16 14.615 -10.000 21.538 15.192 -10.000 24.808 14.481 -8.895 21.538
3 16 15.062 -11.252 24.938 15.192 -10.000 24.808 14.481 -11.105 21.538
3 16 14.615 -10.000 21.538 14.481 -11.105 21.538 15.192 -10.000 24.808
3 16 13.455 -6.939 21.538 14.087 -7.855 21.538 13.912 -6.535 25.000
3 16 15.000 -8.481 25.000 13.912 -6.535 25.000 14.087 -7.855 21.538
3 16 10.556 -5.418 21.538 10.000 -4.808 24.808 9.444 -5.418 21.538
3 16 10.000 -4.808 24.808 10.556 -5.418 21.538 11.519 -5.000 25.000
3 16 11.853 -5.114 25.000 11.519 -5.000 25.000 11.637 -5.685 21.538
3 16 11.637 -5.685 21.538 11.519 -5.000 25.000 10.556 -5.418 21.538
3 16 9.444 -5.418 21.538 9.368 -4.841 24.841 8.363 -5.685 21.538
3 16 7.378 -6.202 21.538 8.363 -5.685 21.538 7.031 -5.699 25.000
3 16 8.481 -5.000 25.000 7.031 -5.699 25.000 8.363 -5.685 21.538
3 16 4.938 -8.748 24.938 4.808 -10.000 24.808 5.519 -8.895 21.538
3 16 5.385 -10.000 21.538 5.519 -8.895 21.538 4.808 -10.000 24.808
3 16 5.373 -7.571 25.000 5.000 -8.481 25.000 5.913 -7.855 21.538
3 16 4.938 -8.748 24.938 5.913 -7.855 21.538 5.000 -8.481 25.000
3 16 5.385 -10.000 21.538 4.808 -10.000 24.808 5.519 -11.105 21.538
3 16 5.519 -11.105 21.538 5.000 -11.519 25.000 5.913 -12.145 21.538
3 16 5.373 -12.429 25.000 5.913 -12.145 21.538 5.000 -11.519 25.000
3 16 5.000 -11.519 25.000 5.519 -11.105 21.538 4.808 -10.000 24.808
3 16 5.913 -7.855 21.538 4.938 -8.748 24.938 5.519 -8.895 21.538
3 16 8.481 -5.000 25.000 8.363 -5.685 21.538 9.368 -4.841 24.841
3 16 9.368 -4.841 24.841 9.444 -5.418 21.538 10.000 -4.808 24.808
3 16 14.481 -8.895 21.538 15.000 -8.481 25.000 14.087 -7.855 21.538
3 16 15.000 -8.481 25.000 14.481 -8.895 21.538 15.192 -10.000 24.808
3 16 13.455 -13.061 21.538 13.912 -13.465 25.000 14.087 -12.145 21.538
3 16 11.853 -14.886 25.000 11.637 -14.315 21.538 11.519 -15.000 25.000
3 16 7.378 -13.798 21.538 7.031 -14.301 25.000 8.363 -14.315 21.538
3 16 6.545 -6.939 21.538 7.378 -6.202 21.538 6.305 -6.305 25.000
3 16 13.455 -6.939 21.538 13.912 -6.535 25.000 12.622 -6.202 21.538
3 16 11.637 -14.315 21.538 11.853 -14.886 25.000 12.622 -13.798 21.538
3 16 5.913 -12.145 21.538 5.373 -12.429 25.000 6.545 -13.061 21.538
3 16 7.329 -14.360 25.640 7.031 -14.301 25.000 6.491 -13.509 26.491
3 16 6.305 -13.695 25.000 6.491 -13.509 26.491 7.031 -14.301 25.000
3 16 6.305 -13.695 25.000 5.373 -12.429 25.000 5.640 -12.671 25.640
3 16 5.000 -11.519 25.000 5.640 -12.671 25.640 5.373 -12.429 25.000
3 16 6.491 -13.509 26.491 6.305 -13.695 25.000 5.640 -12.671 25.640
3 16 8.481 -15.000 25.000 7.031 -14.301 25.000 7.329 -14.360 25.640
3 16 5.000 -13.465 26.088 5.000 -14.886 28.147 5.640 -14.360 27.329
3 16 5.000 -15.000 28.481 5.640 -14.360 27.329 5.000 -14.886 28.147
3 16 6.491 -13.509 26.491 5.640 -12.671 25.640 5.000 -13.465 26.088
3 16 5.000 -11.519 25.000 5.000 -13.465 26.088 5.640 -12.671 25.640
3 16 6.491 -13.509 26.491 5.000 -13.465 26.088 5.640 -14.360 27.329
3 16 6.088 -15.000 26.535 8.147 -15.000 25.114 7.329 -14.360 25.640
3 16 8.481 -15.000 25.000 7.329 -14.360 25.640 8.147 -15.000 25.114
3 16 6.491 -13.509 26.491 5.640 -14.360 27.329 6.088 -15.000 26.535
3 16 5.000 -15.000 28.481 6.088 -15.000 26.535 5.640 -14.360 27.329
3 16 6.491 -13.509 26.491 6.088 -15.000 26.535 7.329 -14.360 25.640
3 16 13.695 -15.000 26.305 13.455 -18.462 26.939 14.627 -15.000 27.571
3 16 13.455 -18.462 26.939 13.695 -15.000 26.305 12.622 -18.462 26.202
3 16 12.969 -15.000 25.699 12.622 -18.462 26.202 13.695 -15.000 26.305
3 16 6.088 -15.000 26.535 7.378 -18.462 26.202 8.147 -15.000 25.114
3 16 6.545 -18.462 26.939 7.378 -18.462 26.202 6.088 -15.000 26.535
3 16 8.147 -15.000 34.886 7.378 -18.462 33.798 6.088 -15.000 33.465
3 16 8.363 -18.462 34.315 7.378 -18.462 33.798 8.147 -15.000 34.886
3 16 12.969 -15.000 34.301 13.695 -15.000 33.695 12.622 -18.462 33.798
3 16 14.087 -18.462 32.145 13.455 -18.462 33.061 14.627 -15.000 32.429
3 16 13.695 -15.000 33.695 14.627 -15.000 32.429 13.455 -18.462 33.061
3 16 11.519 -15.000 25.000 11.637 -18.462 25.685 12.969 -15.000 25.699
3 16 11.519 -15.000 25.000 10.634 -15.159 24.841 11.637 -18.462 25.685
3 16 10.556 -18.462 25.418 11.637 -18.462 25.685 10.634 -15.159 24.841
3 16 9.444 -18.462 25.418 9.374 -15.160 24.840 8.363 -18.462 25.685
3 16 8.481 -15.000 25.000 8.363 -18.462 25.685 9.374 -15.160 24.840
3 16 9.444 -18.462 25.418 10.556 -18.462 25.418 9.374 -15.160 24.840
3 16 10.634 -15.159 24.841 9.374 -15.160 24.840 10.556 -18.462 25.418
3 16 5.000 -15.000 28.481 5.913 -18.462 27.855 6.088 -15.000 26.535
3 16 5.000 -15.000 28.481 4.938 -15.062 28.748 5.913 -18.462 27.855
3 16 5.519 -18.462 28.895 5.913 -18.462 27.855 4.938 -15.062 28.748
3 16 4.840 -15.160 30.627 5.385 -18.462 30.000 4.938 -15.062 28.748
3 16 5.519 -18.462 31.105 5.385 -18.462 30.000 4.840 -15.160 30.627
3 16 5.519 -18.462 28.895 4.938 -15.062 28.748 5.385 -18.462 30.000
3 16 6.545 -18.462 33.061 5.913 -18.462 32.145 6.088 -15.000 33.465
3 16 5.000 -15.000 31.519 6.088 -15.000 33.465 5.913 -18.462 32.145
3 16 8.147 -15.000 34.886 8.481 -15.000 35.000 8.363 -18.462 34.315
3 16 10.556 -18.462 34.582 9.444 -18.462 34.582 10.627 -15.160 35.160
3 16 8.481 -15.000 35.000 10.627 -15.160 35.160 9.444 -18.462 34.582
3 16 10.556 -18.462 34.582 10.627 -15.160 35.160 11.637 -18.462 34.315
3 16 12.622 -18.462 33.798 11.637 -18.462 34.315 12.969 -15.000 34.301
3 16 11.519 -15.000 35.000 12.969 -15.000 34.301 11.637 -18.462 34.315
3 16 14.627 -15.000 32.429 15.000 -15.000 31.519 14.087 -18.462 32.145
3 16 15.000 -15.000 31.519 15.192 -15.192 30.000 14.481 -18.462 31.105
3 16 14.615 -18.462 30.000 14.481 -18.462 31.105 15.192 -15.192 30.000
3 16 14.087 -18.462 27.855 14.481 -18.462 28.895 15.000 -15.000 28.481
3 16 15.159 -15.159 29.368 15.000 -15.000 28.481 14.481 -18.462 28.895
3 16 15.192 -15.192 30.000 15.159 -15.159 29.368 14.615 -18.462 30.000
3 16 14.481 -18.462 28.895 14.615 -18.462 30.000 15.159 -15.159 29.368
3 16 14.627 -15.000 27.571 14.087 -18.462 27.855 15.000 -15.000 28.481
3 16 14.481 -18.462 31.105 14.087 -18.462 32.145 15.000 -15.000 31.519
3 16 11.519 -15.000 35.000 11.637 -18.462 34.315 10.627 -15.160 35.160
3 16 9.444 -18.462 34.582 8.363 -18.462 34.315 8.481 -15.000 35.000
3 16 5.519 -18.462 31.105 5.000 -15.000 31.519 5.913 -18.462 32.145
3 16 5.000 -15.000 31.519 5.519 -18.462 31.105 4.840 -15.160 30.627
3 16 6.545 -18.462 26.939 6.088 -15.000 26.535 5.913 -18.462 27.855
3 16 8.147 -15.000 25.114 8.363 -18.462 25.685 8.481 -15.000 25.000
3 16 12.622 -18.462 26.202 12.969 -15.000 25.699 11.637 -18.462 25.685
3 16 13.455 -18.462 33.061 12.622 -18.462 33.798 13.695 -15.000 33.695
3 16 6.545 -18.462 33.061 6.088 -15.000 33.465 7.378 -18.462 33.798
3 16 8.363 -18.462 25.685 8.147 -15.000 25.114 7.378 -18.462 26.202
3 16 14.087 -18.462 27.855 14.627 -15.000 27.571 13.455 -18.462 26.939
3 16 13.912 -13.465 25.000 11.853 -14.886 25.000 12.671 -14.360 25.640
3 16 11.519 -15.000 25.000 12.671 -14.360 25.640 11.853 -14.886 25.000
3 16 13.509 -13.509 26.491 14.360 -12.671 25.640 13.912 -13.465 25.000
3 16 15.000 -11.519 25.000 13.912 -13.465 25.000 14.360 -12.671 25.640
3 16 13.509 -13.509 26.491 13.912 -13.465 25.000 12.671 -14.360 25.640
3 16 15.000 -13.695 26.305 15.000 -12.429 25.373 14.360 -12.671 25.640
3 16 15.000 -11.519 25.000 14.360 -12.671 25.640 15.000 -12.429 25.373
3 16 14.360 -14.360 27.329 15.000 -14.301 27.031 13.509 -13.509 26.491
3 16 15.000 -13.695 26.305 13.509 -13.509 26.491 15.000 -14.301 27.031
3 16 15.000 -15.000 28.481 15.000 -14.301 27.031 14.360 -14.360 27.329
3 16 13.509 -13.509 26.491 15.000 -13.695 26.305 14.360 -12.671 25.640
3 16 12.671 -14.360 25.640 12.969 -15.000 25.699 13.509 -13.509 26.491
3 16 13.695 -15.000 26.305 13.509 -13.509 26.491 12.969 -15.000 25.699
3 16 13.695 -15.000 26.305 14.627 -15.000 27.571 14.360 -14.360 27.329
3 16 15.000 -15.000 28.481 14.360 -14.360 27.329 14.627 -15.000 27.571
3 16 13.509 -13.509 26.491 13.695 -15.000 26.305 14.360 -14.360 27.329
3 16 11.519 -15.000 25.000 12.969 -15.000 25.699 12.671 -14.360 25.640
2 24 15.769 -10.000 20.000 15.108 -12.681 20.000
2 24 20.000 -10.000 24.231 20.000 -12.681 24.892
2 24 15.192 -10.000 24.808 15.000 -8.481 25.000
2 24 14.615 -10.000 21.154 14.087 -7.855 21.154
2 24 20.000 -7.319 24.892 20.000 -10.000 24.231
2 24 10.556 -14.582 21.154 8.363 -14.315 21.154
2 24 10.695 -15.727 20.000 7.954 -15.394 20.000
2 24 0.000 -8.619 35.602 0.000 -11.381 35.602
2 24 1.154 -6.939 33.455 1.154 -8.895 34.481
2 24 5.418 -1.154 29.444 5.418 -1.154 30.556
2 24 8.895 -1.154 25.519 7.855 -1.154 25.913
2 24 4.892 -7.319 40.000 4.231 -10.000 40.000
2 24 4.892 -12.681 40.000 4.231 -10.000 40.000
2 24 5.640 -7.329 34.360 5.000 -8.481 35.000
2 24 9.368 -4.841 24.841 8.481 -5.000 25.000
2 24 6.491 -13.509 33.509 5.640 -14.360 32.671
2 24 14.087 -7.855 21.154 12.622 -6.202 21.154
2 24 15.192 -10.000 24.808 15.062 -11.252 24.938
2 24 15.394 0.000 27.954 13.826 0.000 25.682
2 24 5.519 -8.895 21.154 5.519 -11.105 21.154
2 24 4.398 -8.619 20.000 4.398 -11.381 20.000
2 24 20.000 -8.619 35.602 20.000 -10.000 35.769
2 24 18.846 -8.895 34.481 18.846 -10.000 34.615
2 24 15.192 -10.000 35.192 15.062 -8.748 35.062
2 24 15.062 -11.252 24.938 15.000 -11.519 25.000
2 24 13.061 -1.154 26.545 12.145 -1.154 25.913
2 24 14.315 -1.154 28.363 13.798 -1.154 27.378
2 24 13.509 -6.491 26.491 12.671 -5.640 25.640
2 24 14.615 -10.000 21.154 14.087 -12.145 21.154
2 24 15.108 -7.319 20.000 13.277 -5.252 20.000
2 24 20.000 -5.252 26.723 20.000 -7.319 24.892
2 24 1.154 -10.000 34.615 1.154 -11.105 34.481
2 24 15.727 0.000 30.695 14.748 0.000 33.277
2 24 10.000 -1.154 34.615 8.895 -1.154 34.481
2 24 14.318 -6.174 40.000 12.046 -4.606 40.000
2 24 5.913 -7.855 38.846 5.519 -8.895 38.846
2 24 4.938 -11.252 35.062 5.000 -11.519 35.000
2 24 13.509 -6.491 33.509 12.671 -5.640 34.360
2 24 7.329 -14.360 34.360 6.491 -13.509 33.509
2 24 6.491 -6.491 26.491 5.640 -5.640 27.329
2 24 11.519 -15.000 25.000 10.634 -15.159 24.841
2 24 1.154 -8.895 34.481 1.154 -10.000 34.615
2 24 14.582 -1.154 30.556 14.315 -1.154 31.637
2 24 20.000 -15.394 32.046 20.000 -15.727 29.305
2 24 5.519 -8.895 38.846 5.385 -10.000 38.846
2 24 8.481 -5.000 35.000 7.329 -5.640 34.360
2 24 5.682 -6.174 20.000 4.398 -8.619 20.000
2 24 2.308 -2.308 20.000 2.308 -17.692 20.000
2 24 20.000 -2.308 37.692 20.000 -17.692 37.692
2 24 20.000 -6.174 34.318 20.000 -8.619 35.602
2 24 15.000 -8.481 35.000 14.360 -7.329 34.360
2 24 14.360 -5.640 27.329 13.509 -6.491 26.491
2 24 15.000 -5.000 28.481 14.360 -5.640 27.329
2 24 20.000 -10.000 35.769 20.000 -11.381 35.602
2 24 18.846 -10.000 34.615 18.846 -11.105 34.481
2 24 12.671 -5.640 25.640 11.519 -5.000 25.000
2 24 5.252 0.000 33.277 4.273 0.000 30.695
2 24 14.481 -11.105 38.846 14.087 -12.145 38.846
2 24 4.938 -11.252 35.062 4.808 -10.000 35.192
2 24 6.491 -6.491 33.509 5.640 -5.640 32.671
2 24 6.491 -13.509 26.491 5.640 -12.671 25.640
2 24 0.000 -10.000 24.231 0.000 -12.681 24.892
2 24 10.000 0.000 24.231 8.619 0.000 24.398
2 24 15.000 -11.519 35.000 14.360 -12.671 34.360
2 24 12.622 -6.202 21.154 10.556 -5.418 21.154
2 24 7.954 -4.606 20.000 5.682 -6.174 20.000
2 24 17.692 -2.308 20.000 2.308 -2.308 20.000
2 24 0.000 -2.308 22.308 0.000 -17.692 22.308
2 24 17.692 0.000 22.308 2.308 0.000 22.308
2 24 17.692 0.000 22.308 17.692 0.000 37.692
2 24 20.000 -2.308 22.308 20.000 -2.308 37.692
2 24 17.692 -2.308 40.000 17.692 -17.692 40.000
2 24 20.000 -4.606 32.046 20.000 -6.174 34.318
2 24 14.481 -8.895 38.846 14.087 -7.855 38.846
2 24 15.000 -15.000 28.481 14.360 -14.360 27.329
2 24 14.615 -10.000 38.846 14.481 -8.895 38.846
2 24 15.192 -10.000 35.192 15.000 -11.519 35.000
2 24 15.160 -4.840 29.374 15.000 -5.000 28.481
2 24 6.491 -6.491 26.491 5.640 -7.329 25.640
2 24 13.509 -13.509 26.491 12.671 -14.360 25.640
2 24 14.087 -12.145 21.154 12.622 -13.798 21.154
2 24 5.682 -13.826 20.000 4.398 -11.381 20.000
2 24 13.277 -5.252 20.000 10.695 -4.273 20.000
2 24 14.360 -7.329 34.360 13.509 -6.491 33.509
2 24 15.108 -12.681 20.000 13.277 -14.748 20.000
2 24 15.727 0.000 30.695 15.394 0.000 27.954
2 24 14.582 -1.154 29.444 14.315 -1.154 28.363
2 24 20.000 -12.681 24.892 20.000 -14.748 26.723
2 24 15.000 -8.481 35.000 15.062 -8.748 35.062
2 24 15.000 -8.481 25.000 14.360 -7.329 25.640
2 24 5.000 -11.519 25.000 4.808 -10.000 24.808
2 24 5.000 -8.481 25.000 4.938 -8.748 24.938
2 24 4.938 -8.748 24.938 4.808 -10.000 24.808
2 24 6.545 -6.939 21.154 5.519 -8.895 21.154
2 24 12.145 -1.154 25.913 11.105 -1.154 25.519
2 24 20.000 -4.273 29.305 20.000 -5.252 26.723
2 24 17.692 -17.692 20.000 2.308 -17.692 20.000
2 24 0.000 -2.308 37.692 0.000 -17.692 37.692
2 24 0.000 -6.174 34.318 0.000 -8.619 35.602
2 24 2.308 0.000 22.308 2.308 0.000 37.692
2 24 4.606 0.000 27.954 4.273 0.000 30.695
2 24 17.692 0.000 37.692 2.308 0.000 37.692
2 24 2.308 -2.308 40.000 2.308 -17.692 40.000
2 24 20.000 -17.692 22.308 20.000 -17.692 37.692
2 24 12.622 -6.202 38.846 11.637 -5.685 38.846
2 24 6.545 -6.939 38.846 5.913 -7.855 38.846
2 24 8.748 -4.938 35.062 8.481 -5.000 35.000
2 24 10.556 -5.418 21.154 8.363 -5.685 21.154
2 24 1.154 -10.000 25.385 1.154 -12.145 25.913
2 24 7.319 0.000 35.108 5.252 0.000 33.277
2 24 6.202 -1.154 32.622 5.685 -1.154 31.637
2 24 7.855 -1.154 34.087 6.939 -1.154 33.455
2 24 14.582 -1.154 29.444 14.582 -1.154 30.556
2 24 14.087 -7.855 38.846 13.455 -6.939 38.846
2 24 5.913 -12.145 38.846 5.519 -11.105 38.846
2 24 14.087 -12.145 38.846 13.455 -13.061 38.846
2 24 5.000 -5.000 31.519 4.841 -4.841 30.634
2 24 8.619 0.000 24.398 6.174 0.000 25.682
2 24 8.363 -5.685 21.154 6.545 -6.939 21.154
2 24 0.000 -7.319 24.892 0.000 -10.000 24.231
2 24 1.154 -7.855 25.913 1.154 -10.000 25.385
2 24 11.105 -1.154 25.519 10.000 -1.154 25.385
2 24 15.602 -8.619 40.000 14.318 -6.174 40.000
2 24 6.939 -1.154 33.455 6.202 -1.154 32.622
2 24 15.769 -10.000 40.000 15.602 -11.381 40.000
2 24 14.615 -10.000 38.846 14.481 -11.105 38.846
2 24 11.519 -5.000 25.000 10.000 -4.808 24.808
2 24 5.640 -12.671 25.640 5.000 -11.519 25.000
2 24 0.000 -4.273 29.305 0.000 -5.252 26.723
2 24 1.154 -5.418 29.444 1.154 -6.202 27.378
2 24 1.154 -11.105 34.481 1.154 -13.061 33.455
2 24 1.154 -12.145 25.913 1.154 -13.798 27.378
2 24 14.315 -1.154 31.637 13.798 -1.154 32.622
2 24 11.105 -1.154 34.481 10.000 -1.154 34.615
2 24 15.159 -15.159 29.368 15.192 -15.192 30.000
2 24 13.826 0.000 25.682 11.381 0.000 24.398
2 24 13.798 -1.154 27.378 13.061 -1.154 26.545
2 24 8.363 -14.315 21.154 6.545 -13.061 21.154
2 24 0.000 -5.252 26.723 0.000 -7.319 24.892
2 24 1.154 -6.202 27.378 1.154 -7.855 25.913
2 24 10.000 -1.154 25.385 8.895 -1.154 25.519
2 24 8.895 -1.154 34.481 7.855 -1.154 34.087
2 24 5.685 -1.154 31.637 5.418 -1.154 30.556
2 24 20.000 -13.826 34.318 20.000 -15.394 32.046
2 24 15.000 -11.519 25.000 14.360 -12.671 25.640
2 24 6.545 -13.061 21.154 5.519 -11.105 21.154
2 24 5.640 -7.329 25.640 5.000 -8.481 25.000
2 24 14.360 -14.360 27.329 13.509 -13.509 26.491
2 24 0.000 -11.381 35.602 0.000 -13.826 34.318
2 24 14.748 0.000 33.277 12.681 0.000 35.108
2 24 6.174 0.000 25.682 4.606 0.000 27.954
2 24 12.145 -1.154 34.087 11.105 -1.154 34.481
2 24 13.798 -1.154 32.622 13.061 -1.154 33.455
2 24 12.046 -20.000 24.606 9.305 -20.000 24.273
2 24 13.455 -13.061 38.846 12.622 -13.798 38.846
2 24 11.637 -18.846 25.685 9.444 -18.846 25.418
2 24 11.519 -5.000 35.000 10.627 -4.840 35.160
2 24 13.509 -13.509 33.509 12.671 -14.360 34.360
2 24 15.000 -5.000 31.519 14.360 -5.640 32.671
2 24 14.360 -5.640 32.671 13.509 -6.491 33.509
2 24 6.491 -6.491 33.509 5.640 -7.329 34.360
2 24 5.000 -5.000 28.481 4.840 -4.840 29.374
2 24 5.640 -12.671 34.360 5.000 -11.519 35.000
2 24 8.481 -5.000 25.000 7.329 -5.640 25.640
2 24 7.329 -5.640 25.640 6.491 -6.491 26.491
2 24 6.491 -13.509 26.491 5.640 -14.360 27.329
2 24 14.360 -12.671 25.640 13.509 -13.509 26.491
2 24 7.855 -1.154 25.913 6.939 -1.154 26.545
2 24 6.723 -5.252 40.000 4.892 -7.319 40.000
2 24 7.378 -6.202 38.846 6.545 -6.939 38.846
2 24 6.545 -13.061 38.846 5.913 -12.145 38.846
2 24 4.840 -4.840 29.374 4.841 -4.841 30.634
2 24 10.634 -15.159 24.841 9.374 -15.160 24.840
2 24 0.000 -4.606 32.046 0.000 -6.174 34.318
2 24 12.046 -4.606 40.000 9.305 -4.273 40.000
2 24 8.363 -5.685 38.846 7.378 -6.202 38.846
2 24 7.378 -18.846 33.798 5.913 -18.846 32.145
2 24 15.192 -15.192 30.000 15.000 -15.000 31.519
2 24 6.723 -14.748 40.000 4.892 -12.681 40.000
2 24 14.318 -13.826 40.000 12.046 -15.394 40.000
2 24 7.378 -13.798 38.846 6.545 -13.061 38.846
2 24 5.000 -15.000 31.519 4.840 -15.160 30.627
2 24 1.154 -13.061 33.455 1.154 -14.315 31.637
2 24 6.723 -20.000 34.748 4.892 -20.000 32.681
2 24 15.000 -15.000 31.519 14.360 -14.360 32.671
2 24 8.481 -15.000 25.000 7.329 -14.360 25.640
2 24 7.954 -15.394 20.000 5.682 -13.826 20.000
2 24 5.000 -8.481 35.000 4.808 -10.000 35.192
2 24 14.360 -12.671 34.360 13.509 -13.509 33.509
2 24 7.329 -5.640 34.360 6.491 -6.491 33.509
2 24 5.640 -5.640 32.671 5.000 -5.000 31.519
2 24 14.360 -7.329 25.640 13.509 -6.491 26.491
2 24 10.695 -4.273 20.000 7.954 -4.606 20.000
2 24 20.000 -4.273 29.305 20.000 -4.606 32.046
2 24 12.671 -14.360 25.640 11.519 -15.000 25.000
2 24 12.622 -13.798 21.154 10.556 -14.582 21.154
2 24 13.277 -14.748 20.000 10.695 -15.727 20.000
2 24 10.000 0.000 35.769 7.319 0.000 35.108
2 24 15.602 -20.000 28.619 14.318 -20.000 26.174
2 24 14.318 -20.000 26.174 12.046 -20.000 24.606
2 24 20.000 -14.748 26.723 20.000 -15.727 29.305
2 24 13.455 -6.939 38.846 12.622 -6.202 38.846
2 24 5.519 -11.105 38.846 5.385 -10.000 38.846
2 24 13.455 -18.846 26.939 11.637 -18.846 25.685
2 24 15.160 -4.840 29.374 15.000 -5.000 31.519
2 24 15.159 -15.159 29.368 15.000 -15.000 28.481
2 24 10.000 -4.808 24.808 9.368 -4.841 24.841
2 24 15.602 -20.000 28.619 15.602 -20.000 31.381
2 24 10.556 -5.418 38.846 9.444 -5.418 38.846
2 24 14.481 -18.846 28.895 14.481 -18.846 31.105
2 24 14.360 -14.360 32.671 13.509 -13.509 33.509
2 24 9.374 -15.160 24.840 8.481 -15.000 25.000
2 24 7.329 -14.360 25.640 6.491 -13.509 26.491
2 24 0.000 -2.308 22.308 0.000 -2.308 37.692
2 24 1.154 -5.685 31.637 1.154 -6.939 33.455
2 24 6.202 -1.154 27.378 5.685 -1.154 28.363
2 24 6.939 -1.154 26.545 6.202 -1.154 27.378
2 24 13.061 -1.154 33.455 12.145 -1.154 34.087
2 24 17.692 -20.000 22.308 2.308 -20.000 22.308
2 24 17.692 -2.308 40.000 2.308 -2.308 40.000
2 24 17.692 -20.000 22.308 17.692 -20.000 37.692
2 24 11.637 -5.685 38.846 10.556 -5.418 38.846
2 24 15.602 -11.381 40.000 14.318 -13.826 40.000
2 24 14.481 -18.846 28.895 13.455 -18.846 26.939
2 24 9.444 -18.846 34.582 7.378 -18.846 33.798
2 24 10.627 -15.160 35.160 8.481 -15.000 35.000
2 24 6.491 -13.509 33.509 5.640 -12.671 34.360
2 24 0.000 -14.748 26.723 0.000 -15.727 29.305
2 24 1.154 -14.315 31.637 1.154 -14.582 29.444
2 24 11.637 -14.315 38.846 10.556 -14.582 38.846
2 24 11.519 -15.000 35.000 10.627 -15.160 35.160
2 24 5.000 -15.000 28.481 4.938 -15.062 28.748
2 24 4.938 -15.062 28.748 4.840 -15.160 30.627
2 24 9.305 -20.000 35.727 6.723 -20.000 34.748
2 24 8.363 -14.315 38.846 7.378 -13.798 38.846
2 24 15.769 -10.000 20.000 15.108 -7.319 20.000
2 24 17.692 -2.308 20.000 17.692 -17.692 20.000
2 24 20.000 -2.308 22.308 20.000 -17.692 22.308
2 24 11.381 0.000 24.398 10.000 0.000 24.231
2 24 20.000 -11.381 35.602 20.000 -13.826 34.318
2 24 15.769 -10.000 40.000 15.602 -8.619 40.000
2 24 4.892 -20.000 27.319 4.231 -20.000 30.000
2 24 0.000 -17.692 22.308 0.000 -17.692 37.692
2 24 2.308 -20.000 22.308 2.308 -20.000 37.692
2 24 17.692 -17.692 40.000 2.308 -17.692 40.000
2 24 17.692 -20.000 37.692 2.308 -20.000 37.692
2 24 12.046 -20.000 35.394 9.305 -20.000 35.727
2 24 0.000 -12.681 24.892 0.000 -14.748 26.723
2 24 12.681 0.000 35.108 10.000 0.000 35.769
2 24 12.671 -5.640 34.360 11.519 -5.000 35.000
2 24 8.481 -15.000 35.000 7.329 -14.360 34.360
2 24 5.640 -14.360 32.671 5.000 -15.000 31.519
2 24 5.640 -5.640 27.329 5.000 -5.000 28.481
2 24 0.000 -15.394 32.046 0.000 -15.769 30.000
2 24 9.305 -20.000 24.273 6.723 -20.000 25.252
2 24 9.444 -14.582 38.846 8.363 -14.315 38.846
2 24 10.556 -14.582 38.846 9.444 -14.582 38.846
2 24 9.444 -18.846 25.418 7.378 -18.846 26.202
2 24 5.913 -18.846 27.855 5.385 -18.846 30.000
2 24 0.000 -13.826 34.318 0.000 -15.394 32.046
2 24 1.154 -13.798 27.378 1.154 -14.582 29.444
2 24 4.892 -20.000 32.681 4.231 -20.000 30.000
2 24 0.000 -15.727 29.305 0.000 -15.769 30.000
2 24 11.637 -18.846 34.315 9.444 -18.846 34.582
2 24 14.481 -18.846 31.105 13.455 -18.846 33.061
2 24 5.685 -1.154 28.363 5.418 -1.154 29.444
2 24 10.627 -4.840 35.160 8.748 -4.938 35.062
2 24 0.000 -4.273 29.305 0.000 -4.606 32.046
2 24 1.154 -5.418 29.444 1.154 -5.685 31.637
2 24 9.305 -4.273 40.000 6.723 -5.252 40.000
2 24 9.444 -5.418 38.846 8.363 -5.685 38.846
2 24 12.622 -13.798 38.846 11.637 -14.315 38.846
2 24 5.913 -18.846 32.145 5.385 -18.846 30.000
2 24 12.671 -14.360 34.360 11.519 -15.000 35.000
2 24 5.640 -14.360 27.329 5.000 -15.000 28.481
2 24 15.602 -20.000 31.381 14.318 -20.000 33.826
2 24 9.305 -15.727 40.000 6.723 -14.748 40.000
2 24 13.455 -18.846 33.061 11.637 -18.846 34.315
2 24 7.378 -18.846 26.202 5.913 -18.846 27.855
2 24 12.046 -15.394 40.000 9.305 -15.727 40.000
2 24 14.318 -20.000 33.826 12.046 -20.000 35.394
2 24 6.723 -20.000 25.252 4.892 -20.000 27.319
