0 FILE m6B8E5017_202492_115752.dat
0 bem-sm-3
0 Name:  m6B8E5017_202492_115752.dat
0 Author:  
0 BL_Item_No bem-sm-3
0 BFC CERTIFY CCW
3 16 31.105 -1.538 -14.938 33.061 -1.538 -13.903 30.000 -1.538 -10.419
3 16 34.315 -1.538 -12.070 30.000 -1.538 -10.419 33.061 -1.538 -13.903
3 16 34.582 -1.538 -9.858 30.000 -1.538 -10.419 34.315 -1.538 -12.070
3 16 33.798 -1.538 -7.775 30.000 -1.538 -10.419 34.582 -1.538 -9.858
3 16 32.145 -1.538 -6.298 30.000 -1.538 -10.419 33.798 -1.538 -7.775
3 16 30.000 -1.538 -5.765 30.000 -1.538 -10.419 32.145 -1.538 -6.298
3 16 27.855 -1.538 -6.298 30.000 -1.538 -10.419 30.000 -1.538 -5.765
3 16 26.202 -1.538 -7.775 30.000 -1.538 -10.419 27.855 -1.538 -6.298
3 16 25.418 -1.538 -9.858 30.000 -1.538 -10.419 26.202 -1.538 -7.775
3 16 25.685 -1.538 -12.070 30.000 -1.538 -10.419 25.418 -1.538 -9.858
3 16 26.939 -1.538 -13.903 30.000 -1.538 -10.419 25.685 -1.538 -12.070
3 16 28.895 -1.538 -14.938 30.000 -1.538 -10.419 26.939 -1.538 -13.903
3 16 30.000 -1.538 -15.074 30.000 -1.538 -10.419 28.895 -1.538 -14.938
3 16 31.105 -1.538 -14.938 30.000 -1.538 -10.419 30.000 -1.538 -15.074
3 16 30.000 -5.000 -4.494 28.594 -5.000 -4.667 30.000 -1.538 -5.765
3 16 27.855 -1.538 -6.298 30.000 -1.538 -5.765 28.594 -5.000 -4.667
3 16 27.270 -5.000 -5.173 26.104 -5.000 -5.984 27.855 -1.538 -6.298
3 16 26.202 -1.538 -7.775 27.855 -1.538 -6.298 26.104 -5.000 -5.984
3 16 25.165 -5.000 -7.054 24.507 -5.000 -8.318 26.202 -1.538 -7.775
3 16 25.418 -1.538 -9.858 26.202 -1.538 -7.775 24.507 -5.000 -8.318
3 16 24.168 -5.000 -9.705 24.168 -5.000 -11.133 25.418 -1.538 -9.858
3 16 25.685 -1.538 -12.070 25.418 -1.538 -9.858 24.168 -5.000 -11.133
3 16 25.685 -1.538 -12.070 25.165 -5.000 -13.785 26.939 -1.538 -13.903
3 16 24.507 -5.000 -12.520 25.165 -5.000 -13.785 25.685 -1.538 -12.070
3 16 26.104 -5.000 -14.854 27.270 -5.000 -15.665 26.939 -1.538 -13.903
3 16 28.895 -1.538 -14.938 26.939 -1.538 -13.903 27.270 -5.000 -15.665
3 16 30.000 -5.000 -16.344 30.000 -1.538 -15.074 28.594 -5.000 -16.172
3 16 31.105 -1.538 -14.938 30.000 -1.538 -15.074 31.406 -5.000 -16.172
3 16 30.000 -5.000 -16.344 31.406 -5.000 -16.172 30.000 -1.538 -15.074
3 16 31.406 -5.000 -16.172 32.730 -5.000 -15.665 31.105 -1.538 -14.938
3 16 33.061 -1.538 -13.903 31.105 -1.538 -14.938 32.730 -5.000 -15.665
3 16 33.896 -5.000 -14.854 34.835 -5.000 -13.785 33.061 -1.538 -13.903
3 16 34.315 -1.538 -12.070 33.061 -1.538 -13.903 34.835 -5.000 -13.785
3 16 35.493 -5.000 -12.520 35.832 -5.000 -11.133 34.315 -1.538 -12.070
3 16 34.582 -1.538 -9.858 34.315 -1.538 -12.070 35.832 -5.000 -11.133
3 16 35.832 -5.000 -9.705 35.493 -5.000 -8.318 34.582 -1.538 -9.858
3 16 33.798 -1.538 -7.775 34.582 -1.538 -9.858 35.493 -5.000 -8.318
3 16 34.835 -5.000 -7.054 33.896 -5.000 -5.984 33.798 -1.538 -7.775
3 16 32.145 -1.538 -6.298 33.798 -1.538 -7.775 33.896 -5.000 -5.984
3 16 32.730 -5.000 -5.173 31.406 -5.000 -4.667 32.145 -1.538 -6.298
3 16 30.000 -1.538 -5.765 32.145 -1.538 -6.298 31.406 -5.000 -4.667
3 16 30.000 -5.000 -4.494 30.000 -1.538 -5.765 31.406 -5.000 -4.667
3 16 32.730 -5.000 -5.173 32.145 -1.538 -6.298 33.896 -5.000 -5.984
3 16 34.835 -5.000 -7.054 33.798 -1.538 -7.775 35.493 -5.000 -8.318
3 16 35.832 -5.000 -9.705 34.582 -1.538 -9.858 35.832 -5.000 -11.133
3 16 35.493 -5.000 -12.520 34.315 -1.538 -12.070 34.835 -5.000 -13.785
3 16 33.896 -5.000 -14.854 33.061 -1.538 -13.903 32.730 -5.000 -15.665
3 16 28.895 -1.538 -14.938 28.594 -5.000 -16.172 30.000 -1.538 -15.074
3 16 28.594 -5.000 -16.172 28.895 -1.538 -14.938 27.270 -5.000 -15.665
3 16 26.104 -5.000 -14.854 26.939 -1.538 -13.903 25.165 -5.000 -13.785
3 16 24.507 -5.000 -12.520 25.685 -1.538 -12.070 24.168 -5.000 -11.133
3 16 24.168 -5.000 -9.705 25.418 -1.538 -9.858 24.507 -5.000 -8.318
3 16 25.165 -5.000 -7.054 26.202 -1.538 -7.775 26.104 -5.000 -5.984
3 16 27.270 -5.000 -5.173 27.855 -1.538 -6.298 28.594 -5.000 -4.667
3 16 30.000 -8.462 -15.074 28.594 -5.000 -16.172 27.855 -8.462 -14.540
3 16 30.000 -5.000 -16.344 28.594 -5.000 -16.172 30.000 -8.462 -15.074
3 16 27.270 -5.000 -15.665 26.104 -5.000 -14.854 27.855 -8.462 -14.540
3 16 26.202 -8.462 -13.063 27.855 -8.462 -14.540 26.104 -5.000 -14.854
3 16 26.202 -8.462 -13.063 24.507 -5.000 -12.520 25.418 -8.462 -10.980
3 16 25.165 -5.000 -13.785 24.507 -5.000 -12.520 26.202 -8.462 -13.063
3 16 24.168 -5.000 -11.133 24.168 -5.000 -9.705 25.418 -8.462 -10.980
3 16 25.685 -8.462 -8.769 25.418 -8.462 -10.980 24.168 -5.000 -9.705
3 16 25.685 -8.462 -8.769 25.165 -5.000 -7.054 26.939 -8.462 -6.935
3 16 24.507 -5.000 -8.318 25.165 -5.000 -7.054 25.685 -8.462 -8.769
3 16 26.104 -5.000 -5.984 27.270 -5.000 -5.173 26.939 -8.462 -6.935
3 16 28.895 -8.462 -5.900 26.939 -8.462 -6.935 27.270 -5.000 -5.173
3 16 28.594 -5.000 -4.667 30.000 -5.000 -4.494 28.895 -8.462 -5.900
3 16 31.105 -8.462 -5.900 28.895 -8.462 -5.900 30.000 -5.000 -4.494
3 16 31.406 -5.000 -4.667 32.730 -5.000 -5.173 31.105 -8.462 -5.900
3 16 33.061 -8.462 -6.935 31.105 -8.462 -5.900 32.730 -5.000 -5.173
3 16 33.896 -5.000 -5.984 34.835 -5.000 -7.054 33.061 -8.462 -6.935
3 16 34.315 -8.462 -8.769 33.061 -8.462 -6.935 34.835 -5.000 -7.054
3 16 35.493 -5.000 -8.318 35.832 -5.000 -9.705 34.315 -8.462 -8.769
3 16 34.582 -8.462 -10.980 34.315 -8.462 -8.769 35.832 -5.000 -9.705
3 16 35.832 -5.000 -11.133 35.493 -5.000 -12.520 34.582 -8.462 -10.980
3 16 33.798 -8.462 -13.063 34.582 -8.462 -10.980 35.493 -5.000 -12.520
3 16 33.798 -8.462 -13.063 33.896 -5.000 -14.854 32.145 -8.462 -14.540
3 16 34.835 -5.000 -13.785 33.896 -5.000 -14.854 33.798 -8.462 -13.063
3 16 32.730 -5.000 -15.665 31.406 -5.000 -16.172 32.145 -8.462 -14.540
3 16 30.000 -8.462 -15.074 32.145 -8.462 -14.540 31.406 -5.000 -16.172
3 16 30.000 -5.000 -16.344 30.000 -8.462 -15.074 31.406 -5.000 -16.172
3 16 32.730 -5.000 -15.665 32.145 -8.462 -14.540 33.896 -5.000 -14.854
3 16 34.835 -5.000 -13.785 33.798 -8.462 -13.063 35.493 -5.000 -12.520
3 16 35.832 -5.000 -11.133 34.582 -8.462 -10.980 35.832 -5.000 -9.705
3 16 35.493 -5.000 -8.318 34.315 -8.462 -8.769 34.835 -5.000 -7.054
3 16 33.896 -5.000 -5.984 33.061 -8.462 -6.935 32.730 -5.000 -5.173
3 16 31.406 -5.000 -4.667 31.105 -8.462 -5.900 30.000 -5.000 -4.494
3 16 28.594 -5.000 -4.667 28.895 -8.462 -5.900 27.270 -5.000 -5.173
3 16 26.104 -5.000 -5.984 26.939 -8.462 -6.935 25.165 -5.000 -7.054
3 16 24.507 -5.000 -8.318 25.685 -8.462 -8.769 24.168 -5.000 -9.705
3 16 24.168 -5.000 -11.133 25.418 -8.462 -10.980 24.507 -5.000 -12.520
3 16 25.165 -5.000 -13.785 26.202 -8.462 -13.063 26.104 -5.000 -14.854
3 16 27.270 -5.000 -15.665 27.855 -8.462 -14.540 28.594 -5.000 -16.172
3 16 30.000 -8.846 -15.074 31.637 -8.846 -14.771 30.000 -8.462 -15.074
3 16 32.145 -8.462 -14.540 30.000 -8.462 -15.074 31.637 -8.846 -14.771
3 16 32.145 -8.846 -14.540 33.455 -8.846 -13.506 32.145 -8.462 -14.540
3 16 33.798 -8.462 -13.063 32.145 -8.462 -14.540 33.455 -8.846 -13.506
3 16 33.798 -8.846 -13.063 34.481 -8.846 -11.533 33.798 -8.462 -13.063
3 16 34.582 -8.462 -10.980 33.798 -8.462 -13.063 34.481 -8.846 -11.533
3 16 34.615 -8.846 -10.419 34.481 -8.846 -9.305 34.582 -8.462 -10.980
3 16 34.315 -8.462 -8.769 34.582 -8.462 -10.980 34.481 -8.846 -9.305
3 16 34.582 -8.846 -10.980 34.615 -8.846 -10.419 34.582 -8.462 -10.980
3 16 34.315 -8.846 -8.769 33.455 -8.846 -7.333 34.315 -8.462 -8.769
3 16 33.061 -8.462 -6.935 34.315 -8.462 -8.769 33.455 -8.846 -7.333
3 16 33.061 -8.846 -6.935 31.637 -8.846 -6.067 33.061 -8.462 -6.935
3 16 31.105 -8.462 -5.900 33.061 -8.462 -6.935 31.637 -8.846 -6.067
3 16 31.105 -8.846 -5.900 29.444 -8.846 -5.799 31.105 -8.462 -5.900
3 16 28.895 -8.462 -5.900 31.105 -8.462 -5.900 29.444 -8.846 -5.799
3 16 28.895 -8.846 -5.900 27.378 -8.846 -6.589 28.895 -8.462 -5.900
3 16 26.939 -8.462 -6.935 28.895 -8.462 -5.900 27.378 -8.846 -6.589
3 16 26.939 -8.846 -6.935 25.913 -8.846 -8.256 26.939 -8.462 -6.935
3 16 25.685 -8.462 -8.769 26.939 -8.462 -6.935 25.913 -8.846 -8.256
3 16 25.685 -8.846 -8.769 25.385 -8.846 -10.419 25.685 -8.462 -8.769
3 16 25.418 -8.462 -10.980 25.685 -8.462 -8.769 25.385 -8.846 -10.419
3 16 25.418 -8.846 -10.980 25.913 -8.846 -12.582 25.418 -8.462 -10.980
3 16 26.202 -8.462 -13.063 25.418 -8.462 -10.980 25.913 -8.846 -12.582
3 16 26.202 -8.846 -13.063 27.378 -8.846 -14.250 26.202 -8.462 -13.063
3 16 27.855 -8.462 -14.540 26.202 -8.462 -13.063 27.378 -8.846 -14.250
3 16 27.855 -8.846 -14.540 29.444 -8.846 -15.040 27.855 -8.462 -14.540
3 16 30.000 -8.462 -15.074 27.855 -8.462 -14.540 29.444 -8.846 -15.040
3 16 30.000 -8.846 -15.074 30.000 -8.462 -15.074 29.444 -8.846 -15.040
3 16 27.855 -8.846 -14.540 27.855 -8.462 -14.540 27.378 -8.846 -14.250
3 16 26.202 -8.846 -13.063 26.202 -8.462 -13.063 25.913 -8.846 -12.582
3 16 25.418 -8.846 -10.980 25.418 -8.462 -10.980 25.385 -8.846 -10.419
3 16 25.685 -8.846 -8.769 25.685 -8.462 -8.769 25.913 -8.846 -8.256
3 16 26.939 -8.846 -6.935 26.939 -8.462 -6.935 27.378 -8.846 -6.589
3 16 28.895 -8.846 -5.900 28.895 -8.462 -5.900 29.444 -8.846 -5.799
3 16 31.105 -8.846 -5.900 31.105 -8.462 -5.900 31.637 -8.846 -6.067
3 16 33.061 -8.846 -6.935 33.061 -8.462 -6.935 33.455 -8.846 -7.333
3 16 34.315 -8.846 -8.769 34.315 -8.462 -8.769 34.481 -8.846 -9.305
3 16 34.582 -8.846 -10.980 34.582 -8.462 -10.980 34.481 -8.846 -11.533
3 16 33.798 -8.846 -13.063 33.798 -8.462 -13.063 33.455 -8.846 -13.506
3 16 32.145 -8.846 -14.540 32.145 -8.462 -14.540 31.637 -8.846 -14.771
3 16 25.913 -8.846 -12.582 25.418 -8.846 -10.980 24.892 -10.000 -13.123
3 16 24.231 -10.000 -10.419 24.892 -10.000 -13.123 25.418 -8.846 -10.980
3 16 27.378 -8.846 -14.250 26.202 -8.846 -13.063 26.723 -10.000 -15.207
3 16 24.892 -10.000 -13.123 26.723 -10.000 -15.207 26.202 -8.846 -13.063
3 16 29.444 -8.846 -15.040 27.855 -8.846 -14.540 29.305 -10.000 -16.195
3 16 26.723 -10.000 -15.207 29.305 -10.000 -16.195 27.855 -8.846 -14.540
3 16 31.637 -8.846 -14.771 30.000 -8.846 -15.074 32.046 -10.000 -15.859
3 16 29.305 -10.000 -16.195 32.046 -10.000 -15.859 30.000 -8.846 -15.074
3 16 33.455 -8.846 -13.506 32.145 -8.846 -14.540 34.318 -10.000 -14.277
3 16 32.046 -10.000 -15.859 34.318 -10.000 -14.277 32.145 -8.846 -14.540
3 16 34.481 -8.846 -11.533 33.798 -8.846 -13.063 35.602 -10.000 -11.812
3 16 34.318 -10.000 -14.277 35.602 -10.000 -11.812 33.798 -8.846 -13.063
3 16 35.769 -10.000 -10.419 34.582 -8.846 -10.980 35.602 -10.000 -11.812
3 16 34.615 -8.846 -10.419 34.582 -8.846 -10.980 35.769 -10.000 -10.419
3 16 35.602 -10.000 -9.027 34.481 -8.846 -9.305 35.769 -10.000 -10.419
3 16 34.615 -8.846 -10.419 35.769 -10.000 -10.419 34.481 -8.846 -9.305
3 16 33.455 -8.846 -7.333 34.315 -8.846 -8.769 34.318 -10.000 -6.561
3 16 35.602 -10.000 -9.027 34.318 -10.000 -6.561 34.315 -8.846 -8.769
3 16 31.637 -8.846 -6.067 33.061 -8.846 -6.935 32.046 -10.000 -4.979
3 16 34.318 -10.000 -6.561 32.046 -10.000 -4.979 33.061 -8.846 -6.935
3 16 29.444 -8.846 -5.799 31.105 -8.846 -5.900 29.305 -10.000 -4.644
3 16 32.046 -10.000 -4.979 29.305 -10.000 -4.644 31.105 -8.846 -5.900
3 16 27.378 -8.846 -6.589 28.895 -8.846 -5.900 26.723 -10.000 -5.631
3 16 29.305 -10.000 -4.644 26.723 -10.000 -5.631 28.895 -8.846 -5.900
3 16 25.913 -8.846 -8.256 26.939 -8.846 -6.935 24.892 -10.000 -7.716
3 16 26.723 -10.000 -5.631 24.892 -10.000 -7.716 26.939 -8.846 -6.935
3 16 25.385 -8.846 -10.419 25.685 -8.846 -8.769 24.231 -10.000 -10.419
3 16 24.892 -10.000 -7.716 24.231 -10.000 -10.419 25.685 -8.846 -8.769
3 16 25.913 -8.846 -8.256 24.892 -10.000 -7.716 25.685 -8.846 -8.769
3 16 27.378 -8.846 -6.589 26.723 -10.000 -5.631 26.939 -8.846 -6.935
3 16 29.444 -8.846 -5.799 29.305 -10.000 -4.644 28.895 -8.846 -5.900
3 16 31.637 -8.846 -6.067 32.046 -10.000 -4.979 31.105 -8.846 -5.900
3 16 33.455 -8.846 -7.333 34.318 -10.000 -6.561 33.061 -8.846 -6.935
3 16 34.481 -8.846 -9.305 35.602 -10.000 -9.027 34.315 -8.846 -8.769
3 16 34.481 -8.846 -11.533 35.602 -10.000 -11.812 34.582 -8.846 -10.980
3 16 33.455 -8.846 -13.506 34.318 -10.000 -14.277 33.798 -8.846 -13.063
3 16 31.637 -8.846 -14.771 32.046 -10.000 -15.859 32.145 -8.846 -14.540
3 16 29.444 -8.846 -15.040 29.305 -10.000 -16.195 30.000 -8.846 -15.074
3 16 27.378 -8.846 -14.250 26.723 -10.000 -15.207 27.855 -8.846 -14.540
3 16 25.913 -8.846 -12.582 24.892 -10.000 -13.123 26.202 -8.846 -13.063
3 16 25.385 -8.846 -10.419 24.231 -10.000 -10.419 25.418 -8.846 -10.980
3 16 37.692 -10.000 29.918 35.769 -10.000 9.749 34.318 -10.000 -6.561
3 16 29.305 -10.000 -4.644 29.305 -10.000 3.974 26.723 -10.000 -5.631
3 16 35.602 -10.000 8.357 34.318 -10.000 -6.561 35.769 -10.000 9.749
3 16 26.723 -10.000 4.961 26.723 -10.000 -5.631 29.305 -10.000 3.974
3 16 29.305 -10.000 3.974 29.305 -10.000 -4.644 32.046 -10.000 4.309
3 16 36.931 -10.000 33.284 35.602 -10.000 31.310 37.692 -10.000 29.918
3 16 35.602 -10.000 11.142 35.769 -10.000 9.749 37.692 -10.000 29.918
3 16 32.046 -10.000 -4.979 32.046 -10.000 4.309 29.305 -10.000 -4.644
3 16 35.602 -10.000 8.357 34.318 -10.000 5.891 32.046 -10.000 -4.979
3 16 37.692 -10.000 29.918 35.602 -10.000 28.526 32.046 -10.000 15.189
3 16 35.769 -10.000 29.918 37.692 -10.000 29.918 35.602 -10.000 31.310
3 16 34.318 -10.000 13.607 35.602 -10.000 11.142 37.692 -10.000 29.918
3 16 32.046 -10.000 4.309 32.046 -10.000 -4.979 34.318 -10.000 5.891
3 16 35.602 -10.000 28.526 37.692 -10.000 29.918 35.769 -10.000 29.918
3 16 34.796 -10.000 35.983 34.318 -10.000 33.776 36.931 -10.000 33.284
3 16 31.712 -10.000 37.480 32.046 -10.000 35.358 34.796 -10.000 35.983
3 16 28.288 -10.000 37.480 29.305 -10.000 35.693 31.712 -10.000 37.480
3 16 25.204 -10.000 35.983 26.723 -10.000 34.706 28.288 -10.000 37.480
3 16 23.069 -10.000 33.284 24.892 -10.000 32.622 25.204 -10.000 35.983
3 16 24.892 -10.000 7.046 26.723 -10.000 -5.631 26.723 -10.000 4.961
3 16 35.602 -10.000 31.310 36.931 -10.000 33.284 34.318 -10.000 33.776
3 16 32.046 -10.000 35.358 31.712 -10.000 37.480 29.305 -10.000 35.693
3 16 26.723 -10.000 34.706 25.204 -10.000 35.983 24.892 -10.000 32.622
3 16 26.723 -10.000 -15.207 24.892 -10.000 -13.123 25.204 -10.000 -16.484
3 16 29.305 -10.000 -16.195 26.723 -10.000 -15.207 28.288 -10.000 -17.982
3 16 24.892 -10.000 -7.716 26.723 -10.000 -5.631 24.892 -10.000 7.046
3 16 24.231 -10.000 -10.419 24.892 -10.000 -7.716 22.308 -10.000 -10.419
3 16 29.305 -10.000 15.525 32.046 -10.000 15.189 35.602 -10.000 28.526
3 16 29.305 -10.000 35.693 28.288 -10.000 37.480 26.723 -10.000 34.706
3 16 25.204 -10.000 -16.484 28.288 -10.000 -17.982 26.723 -10.000 -15.207
3 16 32.046 -10.000 -15.859 29.305 -10.000 -16.195 31.712 -10.000 -17.982
3 16 35.769 -10.000 -10.419 35.602 -10.000 -11.812 37.692 -10.000 -10.419
3 16 24.892 -10.000 7.046 22.308 -10.000 -10.419 24.892 -10.000 -7.716
3 16 34.318 -10.000 33.776 34.796 -10.000 35.983 32.046 -10.000 35.358
3 16 28.288 -10.000 -17.982 31.712 -10.000 -17.982 29.305 -10.000 -16.195
3 16 34.318 -10.000 -14.277 32.046 -10.000 -15.859 34.796 -10.000 -16.484
3 16 35.602 -10.000 -11.812 34.318 -10.000 -14.277 36.931 -10.000 -13.785
3 16 35.602 -10.000 -9.027 35.769 -10.000 -10.419 37.692 -10.000 -10.419
3 16 34.318 -10.000 13.607 37.692 -10.000 29.918 32.046 -10.000 15.189
3 16 22.308 -10.000 29.918 24.231 -10.000 29.918 23.069 -10.000 33.284
3 16 35.602 -10.000 28.526 34.318 -10.000 26.060 29.305 -10.000 15.525
3 16 24.892 -10.000 -13.123 24.231 -10.000 -10.419 23.069 -10.000 -13.785
3 16 31.712 -10.000 -17.982 34.796 -10.000 -16.484 32.046 -10.000 -15.859
3 16 36.931 -10.000 -13.785 37.692 -10.000 -10.419 35.602 -10.000 -11.812
3 16 34.318 -10.000 -6.561 35.602 -10.000 -9.027 37.692 -10.000 29.918
3 16 24.892 -10.000 32.622 23.069 -10.000 33.284 24.231 -10.000 29.918
3 16 24.892 -10.000 12.453 26.723 -10.000 14.537 34.318 -10.000 26.060
3 16 24.231 -10.000 9.749 24.892 -10.000 12.453 26.723 -10.000 25.130
3 16 34.318 -10.000 26.060 32.046 -10.000 24.478 24.892 -10.000 12.453
3 16 22.308 -10.000 -10.419 24.231 -10.000 9.749 24.892 -10.000 27.214
3 16 23.069 -10.000 -13.785 25.204 -10.000 -16.484 24.892 -10.000 -13.123
3 16 37.692 -10.000 -10.419 37.692 -10.000 29.918 35.602 -10.000 -9.027
3 16 26.723 -10.000 14.537 29.305 -10.000 15.525 34.318 -10.000 26.060
3 16 29.305 -10.000 24.142 24.892 -10.000 12.453 32.046 -10.000 24.478
3 16 22.308 -10.000 -10.419 24.892 -10.000 27.214 22.308 -10.000 29.918
3 16 24.892 -10.000 7.046 24.231 -10.000 9.749 22.308 -10.000 -10.419
3 16 34.796 -10.000 -16.484 36.931 -10.000 -13.785 34.318 -10.000 -14.277
3 16 29.305 -10.000 24.142 26.723 -10.000 25.130 24.892 -10.000 12.453
3 16 26.723 -10.000 25.130 24.892 -10.000 27.214 24.231 -10.000 9.749
3 16 32.046 -10.000 -4.979 34.318 -10.000 -6.561 35.602 -10.000 8.357
3 16 22.308 -10.000 -10.419 23.069 -10.000 -13.785 24.231 -10.000 -10.419
3 16 24.231 -10.000 29.918 22.308 -10.000 29.918 24.892 -10.000 27.214
3 16 22.308 -10.000 29.918 23.069 -10.000 33.284 20.000 -7.692 29.918
3 16 23.069 -10.000 33.284 25.204 -10.000 35.983 20.990 -7.692 34.293
3 16 25.204 -10.000 35.983 28.288 -10.000 37.480 23.765 -7.692 37.802
3 16 28.288 -10.000 37.480 31.712 -10.000 37.480 27.775 -7.692 39.749
3 16 31.712 -10.000 37.480 34.796 -10.000 35.983 32.225 -7.692 39.749
3 16 34.796 -10.000 35.983 36.931 -10.000 33.284 36.235 -7.692 37.802
3 16 36.931 -10.000 33.284 37.692 -10.000 29.918 39.010 -7.692 34.293
3 16 40.000 -7.692 29.918 39.010 -7.692 34.293 37.692 -10.000 29.918
3 16 39.010 -7.692 34.293 36.235 -7.692 37.802 36.931 -10.000 33.284
3 16 36.235 -7.692 37.802 32.225 -7.692 39.749 34.796 -10.000 35.983
3 16 32.225 -7.692 39.749 27.775 -7.692 39.749 31.712 -10.000 37.480
3 16 27.775 -7.692 39.749 23.765 -7.692 37.802 28.288 -10.000 37.480
3 16 23.765 -7.692 37.802 20.990 -7.692 34.293 25.204 -10.000 35.983
3 16 20.990 -7.692 34.293 20.000 -7.692 29.918 23.069 -10.000 33.284
3 16 40.000 -7.692 29.918 37.692 -10.000 29.918 40.000 -7.692 -10.419
3 16 37.692 -10.000 -10.419 40.000 -7.692 -10.419 37.692 -10.000 29.918
3 16 22.308 -10.000 29.918 20.000 -7.692 29.918 22.308 -10.000 -10.419
3 16 20.000 -7.692 -10.419 22.308 -10.000 -10.419 20.000 -7.692 29.918
3 16 20.000 -7.692 29.918 20.990 -7.692 34.293 20.000 -2.308 29.918
3 16 20.990 -7.692 34.293 23.765 -7.692 37.802 20.990 -2.308 34.293
3 16 23.765 -7.692 37.802 27.775 -7.692 39.749 23.765 -2.308 37.802
3 16 27.775 -7.692 39.749 32.225 -7.692 39.749 27.775 -2.308 39.749
3 16 32.225 -7.692 39.749 36.235 -7.692 37.802 32.225 -2.308 39.749
3 16 36.235 -7.692 37.802 39.010 -7.692 34.293 36.235 -2.308 37.802
3 16 39.010 -7.692 34.293 40.000 -7.692 29.918 39.010 -2.308 34.293
3 16 40.000 -2.308 29.918 39.010 -2.308 34.293 40.000 -7.692 29.918
3 16 39.010 -2.308 34.293 36.235 -2.308 37.802 39.010 -7.692 34.293
3 16 36.235 -2.308 37.802 32.225 -2.308 39.749 36.235 -7.692 37.802
3 16 32.225 -2.308 39.749 27.775 -2.308 39.749 32.225 -7.692 39.749
3 16 27.775 -2.308 39.749 23.765 -2.308 37.802 27.775 -7.692 39.749
3 16 23.765 -2.308 37.802 20.990 -2.308 34.293 23.765 -7.692 37.802
3 16 20.990 -2.308 34.293 20.000 -2.308 29.918 20.990 -7.692 34.293
3 16 37.692 -10.000 -10.419 36.931 -10.000 -13.785 40.000 -7.692 -10.419
3 16 36.931 -10.000 -13.785 34.796 -10.000 -16.484 39.010 -7.692 -14.795
3 16 34.796 -10.000 -16.484 31.712 -10.000 -17.982 36.235 -7.692 -18.303
3 16 31.712 -10.000 -17.982 28.288 -10.000 -17.982 32.225 -7.692 -20.251
3 16 28.288 -10.000 -17.982 25.204 -10.000 -16.484 27.775 -7.692 -20.251
3 16 25.204 -10.000 -16.484 23.069 -10.000 -13.785 23.765 -7.692 -18.303
3 16 23.069 -10.000 -13.785 22.308 -10.000 -10.419 20.990 -7.692 -14.795
3 16 20.000 -7.692 -10.419 20.990 -7.692 -14.795 22.308 -10.000 -10.419
3 16 20.990 -7.692 -14.795 23.765 -7.692 -18.303 23.069 -10.000 -13.785
3 16 23.765 -7.692 -18.303 27.775 -7.692 -20.251 25.204 -10.000 -16.484
3 16 27.775 -7.692 -20.251 32.225 -7.692 -20.251 28.288 -10.000 -17.982
3 16 32.225 -7.692 -20.251 36.235 -7.692 -18.303 31.712 -10.000 -17.982
3 16 36.235 -7.692 -18.303 39.010 -7.692 -14.795 34.796 -10.000 -16.484
3 16 39.010 -7.692 -14.795 40.000 -7.692 -10.419 36.931 -10.000 -13.785
3 16 20.000 -7.692 29.918 20.000 -2.308 29.918 20.000 -7.692 -10.419
3 16 20.000 -2.308 -10.419 20.000 -7.692 -10.419 20.000 -2.308 29.918
3 16 40.000 -7.692 -10.419 40.000 -2.308 -10.419 40.000 -7.692 29.918
3 16 40.000 -2.308 29.918 40.000 -7.692 29.918 40.000 -2.308 -10.419
3 16 40.000 -7.692 -10.419 39.010 -7.692 -14.795 40.000 -2.308 -10.419
3 16 39.010 -7.692 -14.795 36.235 -7.692 -18.303 39.010 -2.308 -14.795
3 16 36.235 -7.692 -18.303 32.225 -7.692 -20.251 36.235 -2.308 -18.303
3 16 32.225 -7.692 -20.251 27.775 -7.692 -20.251 32.225 -2.308 -20.251
3 16 27.775 -7.692 -20.251 23.765 -7.692 -18.303 27.775 -2.308 -20.251
3 16 23.765 -7.692 -18.303 20.990 -7.692 -14.795 23.765 -2.308 -18.303
3 16 20.990 -7.692 -14.795 20.000 -7.692 -10.419 20.990 -2.308 -14.795
3 16 20.000 -2.308 -10.419 20.990 -2.308 -14.795 20.000 -7.692 -10.419
3 16 20.990 -2.308 -14.795 23.765 -2.308 -18.303 20.990 -7.692 -14.795
3 16 23.765 -2.308 -18.303 27.775 -2.308 -20.251 23.765 -7.692 -18.303
3 16 27.775 -2.308 -20.251 32.225 -2.308 -20.251 27.775 -7.692 -20.251
3 16 32.225 -2.308 -20.251 36.235 -2.308 -18.303 32.225 -7.692 -20.251
3 16 36.235 -2.308 -18.303 39.010 -2.308 -14.795 36.235 -7.692 -18.303
3 16 39.010 -2.308 -14.795 40.000 -2.308 -10.419 39.010 -7.692 -14.795
3 16 37.692 0.000 29.918 36.931 0.000 33.284 40.000 -2.308 29.918
3 16 36.931 0.000 33.284 34.796 0.000 35.983 39.010 -2.308 34.293
3 16 34.796 0.000 35.983 31.712 0.000 37.480 36.235 -2.308 37.802
3 16 31.712 0.000 37.480 28.288 0.000 37.480 32.225 -2.308 39.749
3 16 28.288 0.000 37.480 25.204 0.000 35.983 27.775 -2.308 39.749
3 16 25.204 0.000 35.983 23.069 0.000 33.284 23.765 -2.308 37.802
3 16 23.069 0.000 33.284 22.308 0.000 29.918 20.990 -2.308 34.293
3 16 20.000 -2.308 29.918 20.990 -2.308 34.293 22.308 0.000 29.918
3 16 20.990 -2.308 34.293 23.765 -2.308 37.802 23.069 0.000 33.284
3 16 23.765 -2.308 37.802 27.775 -2.308 39.749 25.204 0.000 35.983
3 16 27.775 -2.308 39.749 32.225 -2.308 39.749 28.288 0.000 37.480
3 16 32.225 -2.308 39.749 36.235 -2.308 37.802 31.712 0.000 37.480
3 16 36.235 -2.308 37.802 39.010 -2.308 34.293 34.796 0.000 35.983
3 16 39.010 -2.308 34.293 40.000 -2.308 29.918 36.931 0.000 33.284
3 16 31.712 0.000 -17.982 28.288 0.000 -17.982 36.931 0.000 -13.785
3 16 31.712 0.000 37.480 34.796 0.000 35.983 28.288 0.000 37.480
3 16 23.069 0.000 33.284 25.204 0.000 35.983 37.692 0.000 29.918
3 16 25.204 0.000 -16.484 23.069 0.000 -13.785 36.931 0.000 -13.785
3 16 34.796 0.000 -16.484 31.712 0.000 -17.982 36.931 0.000 -13.785
3 16 36.931 0.000 33.284 28.288 0.000 37.480 34.796 0.000 35.983
3 16 22.308 0.000 29.918 23.069 0.000 33.284 37.692 0.000 29.918
3 16 25.204 0.000 -16.484 36.931 0.000 -13.785 28.288 0.000 -17.982
3 16 28.288 0.000 37.480 37.692 0.000 29.918 25.204 0.000 35.983
3 16 22.308 0.000 29.918 37.692 0.000 29.918 22.308 0.000 -10.419
3 16 37.692 0.000 -10.419 36.931 0.000 -13.785 22.308 0.000 -10.419
3 16 37.692 0.000 -10.419 22.308 0.000 -10.419 37.692 0.000 29.918
3 16 37.692 0.000 29.918 28.288 0.000 37.480 36.931 0.000 33.284
3 16 22.308 0.000 -10.419 36.931 0.000 -13.785 23.069 0.000 -13.785
3 16 37.692 0.000 29.918 40.000 -2.308 29.918 37.692 0.000 -10.419
3 16 40.000 -2.308 -10.419 37.692 0.000 -10.419 40.000 -2.308 29.918
3 16 20.000 -2.308 29.918 22.308 0.000 29.918 20.000 -2.308 -10.419
3 16 22.308 0.000 -10.419 20.000 -2.308 -10.419 22.308 0.000 29.918
3 16 22.308 0.000 -10.419 23.069 0.000 -13.785 20.000 -2.308 -10.419
3 16 23.069 0.000 -13.785 25.204 0.000 -16.484 20.990 -2.308 -14.795
3 16 25.204 0.000 -16.484 28.288 0.000 -17.982 23.765 -2.308 -18.303
3 16 28.288 0.000 -17.982 31.712 0.000 -17.982 27.775 -2.308 -20.251
3 16 31.712 0.000 -17.982 34.796 0.000 -16.484 32.225 -2.308 -20.251
3 16 34.796 0.000 -16.484 36.931 0.000 -13.785 36.235 -2.308 -18.303
3 16 36.931 0.000 -13.785 37.692 0.000 -10.419 39.010 -2.308 -14.795
3 16 40.000 -2.308 -10.419 39.010 -2.308 -14.795 37.692 0.000 -10.419
3 16 39.010 -2.308 -14.795 36.235 -2.308 -18.303 36.931 0.000 -13.785
3 16 36.235 -2.308 -18.303 32.225 -2.308 -20.251 34.796 0.000 -16.484
3 16 32.225 -2.308 -20.251 27.775 -2.308 -20.251 31.712 0.000 -17.982
3 16 27.775 -2.308 -20.251 23.765 -2.308 -18.303 28.288 0.000 -17.982
3 16 23.765 -2.308 -18.303 20.990 -2.308 -14.795 25.204 0.000 -16.484
3 16 20.990 -2.308 -14.795 20.000 -2.308 -10.419 23.069 0.000 -13.785
3 16 25.913 -8.846 7.586 25.418 -8.846 9.188 24.892 -10.000 7.046
3 16 24.231 -10.000 9.749 24.892 -10.000 7.046 25.418 -8.846 9.188
3 16 27.378 -8.846 5.919 26.202 -8.846 7.105 26.723 -10.000 4.961
3 16 24.892 -10.000 7.046 26.723 -10.000 4.961 26.202 -8.846 7.105
3 16 29.444 -8.846 5.129 27.855 -8.846 5.628 29.305 -10.000 3.974
3 16 26.723 -10.000 4.961 29.305 -10.000 3.974 27.855 -8.846 5.628
3 16 31.637 -8.846 5.397 30.000 -8.846 5.095 32.046 -10.000 4.309
3 16 29.305 -10.000 3.974 32.046 -10.000 4.309 30.000 -8.846 5.095
3 16 33.455 -8.846 6.663 32.145 -8.846 5.628 34.318 -10.000 5.891
3 16 32.046 -10.000 4.309 34.318 -10.000 5.891 32.145 -8.846 5.628
3 16 34.481 -8.846 8.635 33.798 -8.846 7.105 35.602 -10.000 8.357
3 16 34.318 -10.000 5.891 35.602 -10.000 8.357 33.798 -8.846 7.105
3 16 35.769 -10.000 9.749 34.582 -8.846 9.188 35.602 -10.000 8.357
3 16 34.615 -8.846 9.749 34.582 -8.846 9.188 35.769 -10.000 9.749
3 16 35.602 -10.000 11.142 34.481 -8.846 10.863 35.769 -10.000 9.749
3 16 34.615 -8.846 9.749 35.769 -10.000 9.749 34.481 -8.846 10.863
3 16 33.455 -8.846 12.836 34.315 -8.846 11.400 34.318 -10.000 13.607
3 16 35.602 -10.000 11.142 34.318 -10.000 13.607 34.315 -8.846 11.400
3 16 31.637 -8.846 14.101 33.061 -8.846 13.233 32.046 -10.000 15.189
3 16 34.318 -10.000 13.607 32.046 -10.000 15.189 33.061 -8.846 13.233
3 16 29.444 -8.846 14.370 31.105 -8.846 14.268 29.305 -10.000 15.525
3 16 32.046 -10.000 15.189 29.305 -10.000 15.525 31.105 -8.846 14.268
3 16 27.378 -8.846 13.580 28.895 -8.846 14.268 26.723 -10.000 14.537
3 16 29.305 -10.000 15.525 26.723 -10.000 14.537 28.895 -8.846 14.268
3 16 25.913 -8.846 11.912 26.939 -8.846 13.233 24.892 -10.000 12.453
3 16 26.723 -10.000 14.537 24.892 -10.000 12.453 26.939 -8.846 13.233
3 16 25.385 -8.846 9.749 25.685 -8.846 11.400 24.231 -10.000 9.749
3 16 24.892 -10.000 12.453 24.231 -10.000 9.749 25.685 -8.846 11.400
3 16 25.913 -8.846 11.912 24.892 -10.000 12.453 25.685 -8.846 11.400
3 16 27.378 -8.846 13.580 26.723 -10.000 14.537 26.939 -8.846 13.233
3 16 29.444 -8.846 14.370 29.305 -10.000 15.525 28.895 -8.846 14.268
3 16 31.637 -8.846 14.101 32.046 -10.000 15.189 31.105 -8.846 14.268
3 16 33.455 -8.846 12.836 34.318 -10.000 13.607 33.061 -8.846 13.233
3 16 34.481 -8.846 10.863 35.602 -10.000 11.142 34.315 -8.846 11.400
3 16 34.481 -8.846 8.635 35.602 -10.000 8.357 34.582 -8.846 9.188
3 16 33.455 -8.846 6.663 34.318 -10.000 5.891 33.798 -8.846 7.105
3 16 31.637 -8.846 5.397 32.046 -10.000 4.309 32.145 -8.846 5.628
3 16 29.444 -8.846 5.129 29.305 -10.000 3.974 30.000 -8.846 5.095
3 16 27.378 -8.846 5.919 26.723 -10.000 4.961 27.855 -8.846 5.628
3 16 25.913 -8.846 7.586 24.892 -10.000 7.046 26.202 -8.846 7.105
3 16 25.385 -8.846 9.749 24.231 -10.000 9.749 25.418 -8.846 9.188
3 16 30.000 -8.846 5.095 31.637 -8.846 5.397 30.000 -8.462 5.095
3 16 32.145 -8.462 5.628 30.000 -8.462 5.095 31.637 -8.846 5.397
3 16 32.145 -8.846 5.628 33.455 -8.846 6.663 32.145 -8.462 5.628
3 16 33.798 -8.462 7.105 32.145 -8.462 5.628 33.455 -8.846 6.663
3 16 33.798 -8.846 7.105 34.481 -8.846 8.635 33.798 -8.462 7.105
3 16 34.582 -8.462 9.188 33.798 -8.462 7.105 34.481 -8.846 8.635
3 16 34.582 -8.462 9.188 34.615 -8.846 9.749 34.315 -8.462 11.400
3 16 34.481 -8.846 10.863 34.315 -8.462 11.400 34.615 -8.846 9.749
3 16 34.582 -8.846 9.188 34.615 -8.846 9.749 34.582 -8.462 9.188
3 16 34.315 -8.846 11.400 33.455 -8.846 12.836 34.315 -8.462 11.400
3 16 33.061 -8.462 13.233 34.315 -8.462 11.400 33.455 -8.846 12.836
3 16 33.061 -8.846 13.233 31.637 -8.846 14.101 33.061 -8.462 13.233
3 16 31.105 -8.462 14.268 33.061 -8.462 13.233 31.637 -8.846 14.101
3 16 31.105 -8.846 14.268 29.444 -8.846 14.370 31.105 -8.462 14.268
3 16 28.895 -8.462 14.268 31.105 -8.462 14.268 29.444 -8.846 14.370
3 16 28.895 -8.846 14.268 27.378 -8.846 13.580 28.895 -8.462 14.268
3 16 26.939 -8.462 13.233 28.895 -8.462 14.268 27.378 -8.846 13.580
3 16 26.939 -8.846 13.233 25.913 -8.846 11.912 26.939 -8.462 13.233
3 16 25.685 -8.462 11.400 26.939 -8.462 13.233 25.913 -8.846 11.912
3 16 25.685 -8.846 11.400 25.385 -8.846 9.749 25.685 -8.462 11.400
3 16 25.418 -8.462 9.188 25.685 -8.462 11.400 25.385 -8.846 9.749
3 16 25.418 -8.846 9.188 25.913 -8.846 7.586 25.418 -8.462 9.188
3 16 26.202 -8.462 7.105 25.418 -8.462 9.188 25.913 -8.846 7.586
3 16 26.202 -8.846 7.105 27.378 -8.846 5.919 26.202 -8.462 7.105
3 16 27.855 -8.462 5.628 26.202 -8.462 7.105 27.378 -8.846 5.919
3 16 27.855 -8.846 5.628 29.444 -8.846 5.129 27.855 -8.462 5.628
3 16 30.000 -8.462 5.095 27.855 -8.462 5.628 29.444 -8.846 5.129
3 16 30.000 -8.846 5.095 30.000 -8.462 5.095 29.444 -8.846 5.129
3 16 27.855 -8.846 5.628 27.855 -8.462 5.628 27.378 -8.846 5.919
3 16 26.202 -8.846 7.105 26.202 -8.462 7.105 25.913 -8.846 7.586
3 16 25.418 -8.846 9.188 25.418 -8.462 9.188 25.385 -8.846 9.749
3 16 25.685 -8.846 11.400 25.685 -8.462 11.400 25.913 -8.846 11.912
3 16 26.939 -8.846 13.233 26.939 -8.462 13.233 27.378 -8.846 13.580
3 16 28.895 -8.846 14.268 28.895 -8.462 14.268 29.444 -8.846 14.370
3 16 31.105 -8.846 14.268 31.105 -8.462 14.268 31.637 -8.846 14.101
3 16 33.061 -8.846 13.233 33.061 -8.462 13.233 33.455 -8.846 12.836
3 16 34.315 -8.846 11.400 34.315 -8.462 11.400 34.481 -8.846 10.863
3 16 34.582 -8.846 9.188 34.582 -8.462 9.188 34.481 -8.846 8.635
3 16 33.798 -8.846 7.105 33.798 -8.462 7.105 33.455 -8.846 6.663
3 16 32.145 -8.846 5.628 32.145 -8.462 5.628 31.637 -8.846 5.397
3 16 30.000 -5.000 3.824 28.594 -5.000 3.997 30.000 -8.462 5.095
3 16 27.855 -8.462 5.628 30.000 -8.462 5.095 28.594 -5.000 3.997
3 16 27.270 -5.000 4.503 26.104 -5.000 5.315 27.855 -8.462 5.628
3 16 26.202 -8.462 7.105 27.855 -8.462 5.628 26.104 -5.000 5.315
3 16 25.165 -5.000 6.384 24.507 -5.000 7.648 26.202 -8.462 7.105
3 16 25.418 -8.462 9.188 26.202 -8.462 7.105 24.507 -5.000 7.648
3 16 24.168 -5.000 9.035 24.168 -5.000 10.463 25.418 -8.462 9.188
3 16 25.685 -8.462 11.400 25.418 -8.462 9.188 24.168 -5.000 10.463
3 16 25.685 -8.462 11.400 25.165 -5.000 13.115 26.939 -8.462 13.233
3 16 24.507 -5.000 11.850 25.165 -5.000 13.115 25.685 -8.462 11.400
3 16 26.939 -8.462 13.233 27.270 -5.000 14.995 28.895 -8.462 14.268
3 16 26.104 -5.000 14.184 27.270 -5.000 14.995 26.939 -8.462 13.233
3 16 28.594 -5.000 15.502 30.000 -5.000 15.674 28.895 -8.462 14.268
3 16 31.105 -8.462 14.268 28.895 -8.462 14.268 30.000 -5.000 15.674
3 16 31.406 -5.000 15.502 32.730 -5.000 14.995 31.105 -8.462 14.268
3 16 33.061 -8.462 13.233 31.105 -8.462 14.268 32.730 -5.000 14.995
3 16 33.896 -5.000 14.184 34.835 -5.000 13.115 33.061 -8.462 13.233
3 16 34.315 -8.462 11.400 33.061 -8.462 13.233 34.835 -5.000 13.115
3 16 35.493 -5.000 11.850 35.832 -5.000 10.463 34.315 -8.462 11.400
3 16 34.582 -8.462 9.188 34.315 -8.462 11.400 35.832 -5.000 10.463
3 16 35.832 -5.000 9.035 35.493 -5.000 7.648 34.582 -8.462 9.188
3 16 33.798 -8.462 7.105 34.582 -8.462 9.188 35.493 -5.000 7.648
3 16 34.835 -5.000 6.384 33.896 -5.000 5.315 33.798 -8.462 7.105
3 16 32.145 -8.462 5.628 33.798 -8.462 7.105 33.896 -5.000 5.315
3 16 32.730 -5.000 4.503 31.406 -5.000 3.997 32.145 -8.462 5.628
3 16 30.000 -8.462 5.095 32.145 -8.462 5.628 31.406 -5.000 3.997
3 16 30.000 -5.000 3.824 30.000 -8.462 5.095 31.406 -5.000 3.997
3 16 32.730 -5.000 4.503 32.145 -8.462 5.628 33.896 -5.000 5.315
3 16 34.835 -5.000 6.384 33.798 -8.462 7.105 35.493 -5.000 7.648
3 16 35.832 -5.000 9.035 34.582 -8.462 9.188 35.832 -5.000 10.463
3 16 35.493 -5.000 11.850 34.315 -8.462 11.400 34.835 -5.000 13.115
3 16 33.896 -5.000 14.184 33.061 -8.462 13.233 32.730 -5.000 14.995
3 16 31.406 -5.000 15.502 31.105 -8.462 14.268 30.000 -5.000 15.674
3 16 28.594 -5.000 15.502 28.895 -8.462 14.268 27.270 -5.000 14.995
3 16 26.104 -5.000 14.184 26.939 -8.462 13.233 25.165 -5.000 13.115
3 16 24.507 -5.000 11.850 25.685 -8.462 11.400 24.168 -5.000 10.463
3 16 24.168 -5.000 9.035 25.418 -8.462 9.188 24.507 -5.000 7.648
3 16 25.165 -5.000 6.384 26.202 -8.462 7.105 26.104 -5.000 5.315
3 16 27.270 -5.000 4.503 27.855 -8.462 5.628 28.594 -5.000 3.997
3 16 30.000 -5.000 15.674 28.594 -5.000 15.502 30.000 -1.538 14.404
3 16 27.855 -1.538 13.870 30.000 -1.538 14.404 28.594 -5.000 15.502
3 16 27.270 -5.000 14.995 26.104 -5.000 14.184 27.855 -1.538 13.870
3 16 26.202 -1.538 12.393 27.855 -1.538 13.870 26.104 -5.000 14.184
3 16 25.165 -5.000 13.115 24.507 -5.000 11.850 26.202 -1.538 12.393
3 16 25.418 -1.538 10.310 26.202 -1.538 12.393 24.507 -5.000 11.850
3 16 24.168 -5.000 10.463 24.168 -5.000 9.035 25.418 -1.538 10.310
3 16 25.685 -1.538 8.099 25.418 -1.538 10.310 24.168 -5.000 9.035
3 16 25.685 -1.538 8.099 25.165 -5.000 6.384 26.939 -1.538 6.266
3 16 24.507 -5.000 7.648 25.165 -5.000 6.384 25.685 -1.538 8.099
3 16 26.939 -1.538 6.266 27.270 -5.000 4.503 28.895 -1.538 5.230
3 16 26.104 -5.000 5.315 27.270 -5.000 4.503 26.939 -1.538 6.266
3 16 30.000 -1.538 5.095 28.895 -1.538 5.230 30.000 -5.000 3.824
3 16 31.406 -5.000 3.997 31.105 -1.538 5.230 30.000 -5.000 3.824
3 16 30.000 -1.538 5.095 30.000 -5.000 3.824 31.105 -1.538 5.230
3 16 31.406 -5.000 3.997 32.730 -5.000 4.503 31.105 -1.538 5.230
3 16 33.061 -1.538 6.266 31.105 -1.538 5.230 32.730 -5.000 4.503
3 16 33.896 -5.000 5.315 34.835 -5.000 6.384 33.061 -1.538 6.266
3 16 34.315 -1.538 8.099 33.061 -1.538 6.266 34.835 -5.000 6.384
3 16 35.493 -5.000 7.648 35.832 -5.000 9.035 34.315 -1.538 8.099
3 16 34.582 -1.538 10.310 34.315 -1.538 8.099 35.832 -5.000 9.035
3 16 35.832 -5.000 10.463 35.493 -5.000 11.850 34.582 -1.538 10.310
3 16 33.798 -1.538 12.393 34.582 -1.538 10.310 35.493 -5.000 11.850
3 16 34.835 -5.000 13.115 33.896 -5.000 14.184 33.798 -1.538 12.393
3 16 32.145 -1.538 13.870 33.798 -1.538 12.393 33.896 -5.000 14.184
3 16 32.730 -5.000 14.995 31.406 -5.000 15.502 32.145 -1.538 13.870
3 16 30.000 -1.538 14.404 32.145 -1.538 13.870 31.406 -5.000 15.502
3 16 30.000 -5.000 15.674 30.000 -1.538 14.404 31.406 -5.000 15.502
3 16 32.730 -5.000 14.995 32.145 -1.538 13.870 33.896 -5.000 14.184
3 16 34.835 -5.000 13.115 33.798 -1.538 12.393 35.493 -5.000 11.850
3 16 35.832 -5.000 10.463 34.582 -1.538 10.310 35.832 -5.000 9.035
3 16 35.493 -5.000 7.648 34.315 -1.538 8.099 34.835 -5.000 6.384
3 16 33.896 -5.000 5.315 33.061 -1.538 6.266 32.730 -5.000 4.503
3 16 28.594 -5.000 3.997 30.000 -5.000 3.824 28.895 -1.538 5.230
3 16 28.594 -5.000 3.997 28.895 -1.538 5.230 27.270 -5.000 4.503
3 16 26.104 -5.000 5.315 26.939 -1.538 6.266 25.165 -5.000 6.384
3 16 24.507 -5.000 7.648 25.685 -1.538 8.099 24.168 -5.000 9.035
3 16 24.168 -5.000 10.463 25.418 -1.538 10.310 24.507 -5.000 11.850
3 16 25.165 -5.000 13.115 26.202 -1.538 12.393 26.104 -5.000 14.184
3 16 27.270 -5.000 14.995 27.855 -1.538 13.870 28.594 -5.000 15.502
3 16 31.105 -1.538 5.230 33.061 -1.538 6.266 30.000 -1.538 9.749
3 16 34.315 -1.538 8.099 30.000 -1.538 9.749 33.061 -1.538 6.266
3 16 34.582 -1.538 10.310 30.000 -1.538 9.749 34.315 -1.538 8.099
3 16 33.798 -1.538 12.393 30.000 -1.538 9.749 34.582 -1.538 10.310
3 16 32.145 -1.538 13.870 30.000 -1.538 9.749 33.798 -1.538 12.393
3 16 30.000 -1.538 14.404 30.000 -1.538 9.749 32.145 -1.538 13.870
3 16 27.855 -1.538 13.870 30.000 -1.538 9.749 30.000 -1.538 14.404
3 16 26.202 -1.538 12.393 30.000 -1.538 9.749 27.855 -1.538 13.870
3 16 25.418 -1.538 10.310 30.000 -1.538 9.749 26.202 -1.538 12.393
3 16 25.685 -1.538 8.099 30.000 -1.538 9.749 25.418 -1.538 10.310
3 16 26.939 -1.538 6.266 30.000 -1.538 9.749 25.685 -1.538 8.099
3 16 28.895 -1.538 5.230 30.000 -1.538 9.749 26.939 -1.538 6.266
3 16 30.000 -1.538 5.095 30.000 -1.538 9.749 28.895 -1.538 5.230
3 16 31.105 -1.538 5.230 30.000 -1.538 9.749 30.000 -1.538 5.095
3 16 25.913 -8.846 27.755 25.418 -8.846 29.357 24.892 -10.000 27.214
3 16 24.231 -10.000 29.918 24.892 -10.000 27.214 25.418 -8.846 29.357
3 16 27.378 -8.846 26.087 26.202 -8.846 27.274 26.723 -10.000 25.130
3 16 24.892 -10.000 27.214 26.723 -10.000 25.130 26.202 -8.846 27.274
3 16 29.444 -8.846 25.297 27.855 -8.846 25.797 29.305 -10.000 24.142
3 16 26.723 -10.000 25.130 29.305 -10.000 24.142 27.855 -8.846 25.797
3 16 31.637 -8.846 25.566 30.000 -8.846 25.264 32.046 -10.000 24.478
3 16 29.305 -10.000 24.142 32.046 -10.000 24.478 30.000 -8.846 25.264
3 16 33.455 -8.846 26.831 32.145 -8.846 25.797 34.318 -10.000 26.060
3 16 32.046 -10.000 24.478 34.318 -10.000 26.060 32.145 -8.846 25.797
3 16 34.481 -8.846 28.804 33.798 -8.846 27.274 35.602 -10.000 28.526
3 16 34.318 -10.000 26.060 35.602 -10.000 28.526 33.798 -8.846 27.274
3 16 35.769 -10.000 29.918 34.582 -8.846 29.357 35.602 -10.000 28.526
3 16 34.615 -8.846 29.918 34.582 -8.846 29.357 35.769 -10.000 29.918
3 16 34.481 -8.846 31.032 34.615 -8.846 29.918 35.602 -10.000 31.310
3 16 35.769 -10.000 29.918 35.602 -10.000 31.310 34.615 -8.846 29.918
3 16 33.455 -8.846 33.004 34.315 -8.846 31.568 34.318 -10.000 33.776
3 16 35.602 -10.000 31.310 34.318 -10.000 33.776 34.315 -8.846 31.568
3 16 31.637 -8.846 34.270 33.061 -8.846 33.402 32.046 -10.000 35.358
3 16 34.318 -10.000 33.776 32.046 -10.000 35.358 33.061 -8.846 33.402
3 16 29.444 -8.846 34.538 31.105 -8.846 34.437 29.305 -10.000 35.693
3 16 32.046 -10.000 35.358 29.305 -10.000 35.693 31.105 -8.846 34.437
3 16 27.378 -8.846 33.748 28.895 -8.846 34.437 26.723 -10.000 34.706
3 16 29.305 -10.000 35.693 26.723 -10.000 34.706 28.895 -8.846 34.437
3 16 25.913 -8.846 32.081 26.939 -8.846 33.402 24.892 -10.000 32.622
3 16 26.723 -10.000 34.706 24.892 -10.000 32.622 26.939 -8.846 33.402
3 16 25.385 -8.846 29.918 25.685 -8.846 31.568 24.231 -10.000 29.918
3 16 24.892 -10.000 32.622 24.231 -10.000 29.918 25.685 -8.846 31.568
3 16 25.913 -8.846 32.081 24.892 -10.000 32.622 25.685 -8.846 31.568
3 16 27.378 -8.846 33.748 26.723 -10.000 34.706 26.939 -8.846 33.402
3 16 29.444 -8.846 34.538 29.305 -10.000 35.693 28.895 -8.846 34.437
3 16 31.637 -8.846 34.270 32.046 -10.000 35.358 31.105 -8.846 34.437
3 16 33.455 -8.846 33.004 34.318 -10.000 33.776 33.061 -8.846 33.402
3 16 34.481 -8.846 31.032 35.602 -10.000 31.310 34.315 -8.846 31.568
3 16 34.481 -8.846 28.804 35.602 -10.000 28.526 34.582 -8.846 29.357
3 16 33.455 -8.846 26.831 34.318 -10.000 26.060 33.798 -8.846 27.274
3 16 31.637 -8.846 25.566 32.046 -10.000 24.478 32.145 -8.846 25.797
3 16 29.444 -8.846 25.297 29.305 -10.000 24.142 30.000 -8.846 25.264
3 16 27.378 -8.846 26.087 26.723 -10.000 25.130 27.855 -8.846 25.797
3 16 25.913 -8.846 27.755 24.892 -10.000 27.214 26.202 -8.846 27.274
3 16 25.385 -8.846 29.918 24.231 -10.000 29.918 25.418 -8.846 29.357
3 16 30.000 -8.846 25.264 31.637 -8.846 25.566 30.000 -8.462 25.264
3 16 32.145 -8.462 25.797 30.000 -8.462 25.264 31.637 -8.846 25.566
3 16 32.145 -8.846 25.797 33.455 -8.846 26.831 32.145 -8.462 25.797
3 16 33.798 -8.462 27.274 32.145 -8.462 25.797 33.455 -8.846 26.831
3 16 33.798 -8.846 27.274 34.481 -8.846 28.804 33.798 -8.462 27.274
3 16 34.582 -8.462 29.357 33.798 -8.462 27.274 34.481 -8.846 28.804
3 16 34.615 -8.846 29.918 34.481 -8.846 31.032 34.582 -8.462 29.357
3 16 34.315 -8.462 31.568 34.582 -8.462 29.357 34.481 -8.846 31.032
3 16 34.582 -8.846 29.357 34.615 -8.846 29.918 34.582 -8.462 29.357
3 16 34.315 -8.846 31.568 33.455 -8.846 33.004 34.315 -8.462 31.568
3 16 33.061 -8.462 33.402 34.315 -8.462 31.568 33.455 -8.846 33.004
3 16 33.061 -8.846 33.402 31.637 -8.846 34.270 33.061 -8.462 33.402
3 16 31.105 -8.462 34.437 33.061 -8.462 33.402 31.637 -8.846 34.270
3 16 31.105 -8.846 34.437 29.444 -8.846 34.538 31.105 -8.462 34.437
3 16 28.895 -8.462 34.437 31.105 -8.462 34.437 29.444 -8.846 34.538
3 16 28.895 -8.846 34.437 27.378 -8.846 33.748 28.895 -8.462 34.437
3 16 26.939 -8.462 33.402 28.895 -8.462 34.437 27.378 -8.846 33.748
3 16 26.939 -8.846 33.402 25.913 -8.846 32.081 26.939 -8.462 33.402
3 16 25.685 -8.462 31.568 26.939 -8.462 33.402 25.913 -8.846 32.081
3 16 25.685 -8.846 31.568 25.385 -8.846 29.918 25.685 -8.462 31.568
3 16 25.418 -8.462 29.357 25.685 -8.462 31.568 25.385 -8.846 29.918
3 16 25.418 -8.846 29.357 25.913 -8.846 27.755 25.418 -8.462 29.357
3 16 26.202 -8.462 27.274 25.418 -8.462 29.357 25.913 -8.846 27.755
3 16 26.202 -8.846 27.274 27.378 -8.846 26.087 26.202 -8.462 27.274
3 16 27.855 -8.462 25.797 26.202 -8.462 27.274 27.378 -8.846 26.087
3 16 27.855 -8.846 25.797 29.444 -8.846 25.297 27.855 -8.462 25.797
3 16 30.000 -8.462 25.264 27.855 -8.462 25.797 29.444 -8.846 25.297
3 16 30.000 -8.846 25.264 30.000 -8.462 25.264 29.444 -8.846 25.297
3 16 27.855 -8.846 25.797 27.855 -8.462 25.797 27.378 -8.846 26.087
3 16 26.202 -8.846 27.274 26.202 -8.462 27.274 25.913 -8.846 27.755
3 16 25.418 -8.846 29.357 25.418 -8.462 29.357 25.385 -8.846 29.918
3 16 25.685 -8.846 31.568 25.685 -8.462 31.568 25.913 -8.846 32.081
3 16 26.939 -8.846 33.402 26.939 -8.462 33.402 27.378 -8.846 33.748
3 16 28.895 -8.846 34.437 28.895 -8.462 34.437 29.444 -8.846 34.538
3 16 31.105 -8.846 34.437 31.105 -8.462 34.437 31.637 -8.846 34.270
3 16 33.061 -8.846 33.402 33.061 -8.462 33.402 33.455 -8.846 33.004
3 16 34.315 -8.846 31.568 34.315 -8.462 31.568 34.481 -8.846 31.032
3 16 34.582 -8.846 29.357 34.582 -8.462 29.357 34.481 -8.846 28.804
3 16 33.798 -8.846 27.274 33.798 -8.462 27.274 33.455 -8.846 26.831
3 16 32.145 -8.846 25.797 32.145 -8.462 25.797 31.637 -8.846 25.566
3 16 30.000 -5.000 23.993 28.594 -5.000 24.165 30.000 -8.462 25.264
3 16 27.855 -8.462 25.797 30.000 -8.462 25.264 28.594 -5.000 24.165
3 16 27.270 -5.000 24.672 26.104 -5.000 25.483 27.855 -8.462 25.797
3 16 26.202 -8.462 27.274 27.855 -8.462 25.797 26.104 -5.000 25.483
3 16 25.165 -5.000 26.552 24.507 -5.000 27.817 26.202 -8.462 27.274
3 16 25.418 -8.462 29.357 26.202 -8.462 27.274 24.507 -5.000 27.817
3 16 24.168 -5.000 29.204 24.168 -5.000 30.632 25.418 -8.462 29.357
3 16 25.685 -8.462 31.568 25.418 -8.462 29.357 24.168 -5.000 30.632
3 16 24.507 -5.000 32.019 25.165 -5.000 33.284 25.685 -8.462 31.568
3 16 26.939 -8.462 33.402 25.685 -8.462 31.568 25.165 -5.000 33.284
3 16 26.104 -5.000 34.353 27.270 -5.000 35.164 26.939 -8.462 33.402
3 16 28.895 -8.462 34.437 26.939 -8.462 33.402 27.270 -5.000 35.164
3 16 28.594 -5.000 35.670 30.000 -5.000 35.843 28.895 -8.462 34.437
3 16 31.105 -8.462 34.437 28.895 -8.462 34.437 30.000 -5.000 35.843
3 16 31.406 -5.000 35.670 32.730 -5.000 35.164 31.105 -8.462 34.437
3 16 33.061 -8.462 33.402 31.105 -8.462 34.437 32.730 -5.000 35.164
3 16 33.896 -5.000 34.353 34.835 -5.000 33.284 33.061 -8.462 33.402
3 16 34.315 -8.462 31.568 33.061 -8.462 33.402 34.835 -5.000 33.284
3 16 35.493 -5.000 32.019 35.832 -5.000 30.632 34.315 -8.462 31.568
3 16 34.582 -8.462 29.357 34.315 -8.462 31.568 35.832 -5.000 30.632
3 16 35.832 -5.000 29.204 35.493 -5.000 27.817 34.582 -8.462 29.357
3 16 33.798 -8.462 27.274 34.582 -8.462 29.357 35.493 -5.000 27.817
3 16 34.835 -5.000 26.552 33.896 -5.000 25.483 33.798 -8.462 27.274
3 16 32.145 -8.462 25.797 33.798 -8.462 27.274 33.896 -5.000 25.483
3 16 32.730 -5.000 24.672 31.406 -5.000 24.165 32.145 -8.462 25.797
3 16 30.000 -8.462 25.264 32.145 -8.462 25.797 31.406 -5.000 24.165
3 16 30.000 -5.000 23.993 30.000 -8.462 25.264 31.406 -5.000 24.165
3 16 32.730 -5.000 24.672 32.145 -8.462 25.797 33.896 -5.000 25.483
3 16 34.835 -5.000 26.552 33.798 -8.462 27.274 35.493 -5.000 27.817
3 16 35.832 -5.000 29.204 34.582 -8.462 29.357 35.832 -5.000 30.632
3 16 35.493 -5.000 32.019 34.315 -8.462 31.568 34.835 -5.000 33.284
3 16 33.896 -5.000 34.353 33.061 -8.462 33.402 32.730 -5.000 35.164
3 16 31.406 -5.000 35.670 31.105 -8.462 34.437 30.000 -5.000 35.843
3 16 28.594 -5.000 35.670 28.895 -8.462 34.437 27.270 -5.000 35.164
3 16 26.104 -5.000 34.353 26.939 -8.462 33.402 25.165 -5.000 33.284
3 16 24.507 -5.000 32.019 25.685 -8.462 31.568 24.168 -5.000 30.632
3 16 24.168 -5.000 29.204 25.418 -8.462 29.357 24.507 -5.000 27.817
3 16 25.165 -5.000 26.552 26.202 -8.462 27.274 26.104 -5.000 25.483
3 16 27.270 -5.000 24.672 27.855 -8.462 25.797 28.594 -5.000 24.165
3 16 30.000 -5.000 35.843 28.594 -5.000 35.670 30.000 -1.538 34.572
3 16 27.855 -1.538 34.039 30.000 -1.538 34.572 28.594 -5.000 35.670
3 16 27.270 -5.000 35.164 26.104 -5.000 34.353 27.855 -1.538 34.039
3 16 26.202 -1.538 32.562 27.855 -1.538 34.039 26.104 -5.000 34.353
3 16 25.165 -5.000 33.284 24.507 -5.000 32.019 26.202 -1.538 32.562
3 16 25.418 -1.538 30.479 26.202 -1.538 32.562 24.507 -5.000 32.019
3 16 24.168 -5.000 30.632 24.168 -5.000 29.204 25.418 -1.538 30.479
3 16 25.685 -1.538 28.267 25.418 -1.538 30.479 24.168 -5.000 29.204
3 16 24.507 -5.000 27.817 25.165 -5.000 26.552 25.685 -1.538 28.267
3 16 26.939 -1.538 26.434 25.685 -1.538 28.267 25.165 -5.000 26.552
3 16 26.104 -5.000 25.483 27.270 -5.000 24.672 26.939 -1.538 26.434
3 16 28.895 -1.538 25.399 26.939 -1.538 26.434 27.270 -5.000 24.672
3 16 30.000 -1.538 25.264 28.895 -1.538 25.399 30.000 -5.000 23.993
3 16 31.406 -5.000 24.165 31.105 -1.538 25.399 30.000 -5.000 23.993
3 16 30.000 -1.538 25.264 30.000 -5.000 23.993 31.105 -1.538 25.399
3 16 31.406 -5.000 24.165 32.730 -5.000 24.672 31.105 -1.538 25.399
3 16 33.061 -1.538 26.434 31.105 -1.538 25.399 32.730 -5.000 24.672
3 16 33.896 -5.000 25.483 34.835 -5.000 26.552 33.061 -1.538 26.434
3 16 34.315 -1.538 28.267 33.061 -1.538 26.434 34.835 -5.000 26.552
3 16 35.493 -5.000 27.817 35.832 -5.000 29.204 34.315 -1.538 28.267
3 16 34.582 -1.538 30.479 34.315 -1.538 28.267 35.832 -5.000 29.204
3 16 35.832 -5.000 30.632 35.493 -5.000 32.019 34.582 -1.538 30.479
3 16 33.798 -1.538 32.562 34.582 -1.538 30.479 35.493 -5.000 32.019
3 16 34.835 -5.000 33.284 33.896 -5.000 34.353 33.798 -1.538 32.562
3 16 32.145 -1.538 34.039 33.798 -1.538 32.562 33.896 -5.000 34.353
3 16 32.730 -5.000 35.164 31.406 -5.000 35.670 32.145 -1.538 34.039
3 16 30.000 -1.538 34.572 32.145 -1.538 34.039 31.406 -5.000 35.670
3 16 30.000 -5.000 35.843 30.000 -1.538 34.572 31.406 -5.000 35.670
3 16 32.730 -5.000 35.164 32.145 -1.538 34.039 33.896 -5.000 34.353
3 16 34.835 -5.000 33.284 33.798 -1.538 32.562 35.493 -5.000 32.019
3 16 35.832 -5.000 30.632 34.582 -1.538 30.479 35.832 -5.000 29.204
3 16 35.493 -5.000 27.817 34.315 -1.538 28.267 34.835 -5.000 26.552
3 16 33.896 -5.000 25.483 33.061 -1.538 26.434 32.730 -5.000 24.672
3 16 28.594 -5.000 24.165 30.000 -5.000 23.993 28.895 -1.538 25.399
3 16 28.594 -5.000 24.165 28.895 -1.538 25.399 27.270 -5.000 24.672
3 16 26.104 -5.000 25.483 26.939 -1.538 26.434 25.165 -5.000 26.552
3 16 24.507 -5.000 27.817 25.685 -1.538 28.267 24.168 -5.000 29.204
3 16 24.168 -5.000 30.632 25.418 -1.538 30.479 24.507 -5.000 32.019
3 16 25.165 -5.000 33.284 26.202 -1.538 32.562 26.104 -5.000 34.353
3 16 27.270 -5.000 35.164 27.855 -1.538 34.039 28.594 -5.000 35.670
3 16 31.105 -1.538 25.399 33.061 -1.538 26.434 30.000 -1.538 29.918
3 16 34.315 -1.538 28.267 30.000 -1.538 29.918 33.061 -1.538 26.434
3 16 34.582 -1.538 30.479 30.000 -1.538 29.918 34.315 -1.538 28.267
3 16 33.798 -1.538 32.562 30.000 -1.538 29.918 34.582 -1.538 30.479
3 16 32.145 -1.538 34.039 30.000 -1.538 29.918 33.798 -1.538 32.562
3 16 30.000 -1.538 34.572 30.000 -1.538 29.918 32.145 -1.538 34.039
3 16 27.855 -1.538 34.039 30.000 -1.538 29.918 30.000 -1.538 34.572
3 16 26.202 -1.538 32.562 30.000 -1.538 29.918 27.855 -1.538 34.039
3 16 25.418 -1.538 30.479 30.000 -1.538 29.918 26.202 -1.538 32.562
3 16 25.685 -1.538 28.267 30.000 -1.538 29.918 25.418 -1.538 30.479
3 16 26.939 -1.538 26.434 30.000 -1.538 29.918 25.685 -1.538 28.267
3 16 28.895 -1.538 25.399 30.000 -1.538 29.918 26.939 -1.538 26.434
3 16 30.000 -1.538 25.264 30.000 -1.538 29.918 28.895 -1.538 25.399
3 16 31.105 -1.538 25.399 30.000 -1.538 29.918 30.000 -1.538 25.264
2 24 34.318 -10.000 13.607 35.602 -10.000 11.142
2 24 22.308 -10.000 -10.419 23.069 -10.000 -13.785
2 24 23.069 0.000 -13.785 25.204 0.000 -16.484
2 24 26.939 -1.538 26.434 28.895 -1.538 25.399
2 24 32.145 -1.538 34.039 33.798 -1.538 32.562
2 24 31.105 -1.538 -14.938 33.061 -1.538 -13.903
2 24 33.798 -1.538 12.393 34.582 -1.538 10.310
2 24 30.000 -1.538 14.404 32.145 -1.538 13.870
2 24 34.315 -8.846 31.568 34.481 -8.846 31.032
2 24 29.305 -10.000 24.142 32.046 -10.000 24.478
2 24 23.069 -10.000 33.284 25.204 -10.000 35.983
2 24 24.231 -10.000 29.918 24.892 -10.000 32.622
2 24 25.418 -1.538 30.479 25.685 -1.538 28.267
2 24 33.061 -1.538 -13.903 34.315 -1.538 -12.070
2 24 28.288 0.000 -17.982 31.712 0.000 -17.982
2 24 34.315 -1.538 -12.070 34.582 -1.538 -9.858
2 24 25.418 -1.538 10.310 26.202 -1.538 12.393
2 24 33.798 -1.538 -7.775 34.582 -1.538 -9.858
2 24 29.305 -10.000 15.525 32.046 -10.000 15.189
2 24 26.723 -10.000 34.706 29.305 -10.000 35.693
2 24 34.315 -8.846 11.400 34.481 -8.846 10.863
2 24 28.895 -1.538 25.399 30.000 -1.538 25.264
2 24 32.145 -1.538 -6.298 33.798 -1.538 -7.775
2 24 25.685 -1.538 8.099 26.939 -1.538 6.266
2 24 35.602 -10.000 28.526 35.769 -10.000 29.918
2 24 34.615 -8.846 29.918 34.582 -8.846 29.357
2 24 30.000 -1.538 -5.765 32.145 -1.538 -6.298
2 24 24.231 -10.000 9.749 24.892 -10.000 12.453
2 24 28.895 -8.846 14.268 29.444 -8.846 14.370
2 24 29.305 -10.000 -4.644 32.046 -10.000 -4.979
2 24 28.895 -1.538 5.230 30.000 -1.538 5.095
2 24 25.685 -8.846 31.568 25.913 -8.846 32.081
2 24 31.637 -8.846 25.566 32.145 -8.846 25.797
2 24 27.855 -1.538 -6.298 30.000 -1.538 -5.765
2 24 24.892 -10.000 -7.716 26.723 -10.000 -5.631
2 24 34.796 0.000 35.983 36.931 0.000 33.284
2 24 26.202 -1.538 -7.775 27.855 -1.538 -6.298
2 24 34.315 -1.538 8.099 34.582 -1.538 10.310
2 24 33.455 -8.846 26.831 33.798 -8.846 27.274
2 24 25.418 -1.538 -9.858 26.202 -1.538 -7.775
2 24 25.418 -1.538 -9.858 25.685 -1.538 -12.070
2 24 35.602 -10.000 -9.027 35.769 -10.000 -10.419
2 24 33.798 -1.538 32.562 34.582 -1.538 30.479
2 24 34.796 -10.000 -16.484 36.931 -10.000 -13.785
2 24 25.685 -1.538 -12.070 26.939 -1.538 -13.903
2 24 25.913 -8.846 27.755 26.202 -8.846 27.274
2 24 30.000 -1.538 34.572 32.145 -1.538 34.039
2 24 27.378 -8.846 5.919 27.855 -8.846 5.628
2 24 25.685 -8.846 -8.769 25.913 -8.846 -8.256
2 24 26.939 -1.538 -13.903 28.895 -1.538 -14.938
2 24 31.105 -8.846 -5.900 31.637 -8.846 -6.067
2 24 25.385 -8.846 9.749 25.418 -8.846 9.188
2 24 27.855 -1.538 34.039 30.000 -1.538 34.572
2 24 28.895 -1.538 -14.938 30.000 -1.538 -15.074
2 24 26.939 -8.846 13.233 27.378 -8.846 13.580
2 24 30.000 -1.538 -15.074 31.105 -1.538 -14.938
2 24 28.288 -10.000 -17.982 31.712 -10.000 -17.982
2 24 35.602 -10.000 11.142 35.769 -10.000 9.749
2 24 30.000 -1.538 25.264 31.105 -1.538 25.399
2 24 36.931 -10.000 -13.785 37.692 -10.000 -10.419
2 24 33.061 -1.538 26.434 34.315 -1.538 28.267
2 24 34.796 -10.000 35.983 36.931 -10.000 33.284
2 24 31.712 0.000 37.480 34.796 0.000 35.983
2 24 34.318 -10.000 -6.561 35.602 -10.000 -9.027
2 24 25.913 -8.846 -12.582 26.202 -8.846 -13.063
2 24 24.892 -10.000 -13.123 26.723 -10.000 -15.207
2 24 33.061 -1.538 6.266 34.315 -1.538 8.099
2 24 28.895 -8.846 34.437 29.444 -8.846 34.538
2 24 29.444 -8.846 25.297 30.000 -8.846 25.264
2 24 25.685 -1.538 28.267 26.939 -1.538 26.434
2 24 31.105 -8.846 14.268 31.637 -8.846 14.101
2 24 28.895 -8.846 -5.900 29.444 -8.846 -5.799
2 24 31.637 -8.846 5.397 32.145 -8.846 5.628
2 24 29.444 -8.846 -15.040 30.000 -8.846 -15.074
2 24 30.000 -1.538 5.095 31.105 -1.538 5.230
2 24 32.046 -10.000 4.309 34.318 -10.000 5.891
2 24 31.105 -1.538 5.230 33.061 -1.538 6.266
2 24 35.602 -10.000 8.357 35.769 -10.000 9.749
2 24 32.046 -10.000 24.478 34.318 -10.000 26.060
2 24 26.723 -10.000 14.537 29.305 -10.000 15.525
2 24 25.418 -1.538 30.479 26.202 -1.538 32.562
2 24 32.046 -10.000 -4.979 34.318 -10.000 -6.561
2 24 25.385 -8.846 -10.419 25.418 -8.846 -10.980
2 24 22.308 -10.000 29.918 22.308 -10.000 -10.419
2 24 20.000 -7.692 29.918 20.000 -7.692 -10.419
2 24 34.481 -8.846 -11.533 34.582 -8.846 -10.980
2 24 34.318 -10.000 -14.277 35.602 -10.000 -11.812
2 24 26.723 -10.000 -15.207 29.305 -10.000 -16.195
2 24 25.385 -8.846 29.918 25.418 -8.846 29.357
2 24 31.712 -10.000 37.480 34.796 -10.000 35.983
2 24 23.069 0.000 33.284 25.204 0.000 35.983
2 24 34.615 -8.846 9.749 34.582 -8.846 9.188
2 24 26.202 -1.538 32.562 27.855 -1.538 34.039
2 24 34.615 -8.846 -10.419 34.582 -8.846 -10.980
2 24 24.231 -10.000 -10.419 24.892 -10.000 -7.716
2 24 34.481 -8.846 28.804 34.582 -8.846 29.357
2 24 34.315 -8.846 -8.769 34.481 -8.846 -9.305
2 24 26.723 -10.000 4.961 29.305 -10.000 3.974
2 24 25.685 -8.846 11.400 25.913 -8.846 11.912
2 24 27.855 -1.538 13.870 30.000 -1.538 14.404
2 24 34.315 -1.538 28.267 34.582 -1.538 30.479
2 24 34.481 -8.846 8.635 34.582 -8.846 9.188
2 24 25.913 -8.846 7.586 26.202 -8.846 7.105
2 24 25.204 -10.000 35.983 28.288 -10.000 37.480
2 24 25.204 -10.000 -16.484 28.288 -10.000 -17.982
2 24 22.308 0.000 29.918 23.069 0.000 33.284
2 24 40.000 -2.308 29.918 40.000 -2.308 -10.419
2 24 37.692 0.000 29.918 37.692 0.000 -10.419
2 24 24.892 -10.000 12.453 26.723 -10.000 14.537
2 24 35.602 -10.000 31.310 35.769 -10.000 29.918
2 24 33.061 -8.846 -6.935 33.455 -8.846 -7.333
2 24 24.892 -10.000 27.214 26.723 -10.000 25.130
2 24 33.061 -8.846 13.233 33.455 -8.846 12.836
2 24 33.061 -8.846 33.402 33.455 -8.846 33.004
2 24 32.046 -10.000 15.189 34.318 -10.000 13.607
2 24 36.931 0.000 -13.785 37.692 0.000 -10.419
2 24 33.455 -8.846 6.663 33.798 -8.846 7.105
2 24 29.305 -10.000 -16.195 32.046 -10.000 -15.859
2 24 28.288 -10.000 37.480 31.712 -10.000 37.480
2 24 22.308 -10.000 29.918 23.069 -10.000 33.284
2 24 36.931 -10.000 33.284 37.692 -10.000 29.918
2 24 32.046 -10.000 -15.859 34.318 -10.000 -14.277
2 24 32.046 -10.000 35.358 34.318 -10.000 33.776
2 24 40.000 -7.692 29.918 40.000 -7.692 -10.419
2 24 26.939 -1.538 6.266 28.895 -1.538 5.230
2 24 24.231 -10.000 29.918 24.892 -10.000 27.214
2 24 26.723 -10.000 25.130 29.305 -10.000 24.142
2 24 27.378 -8.846 -14.250 27.855 -8.846 -14.540
2 24 34.318 -10.000 33.776 35.602 -10.000 31.310
2 24 24.231 -10.000 9.749 24.892 -10.000 7.046
2 24 28.288 0.000 37.480 31.712 0.000 37.480
2 24 36.931 0.000 33.284 37.692 0.000 29.918
2 24 24.231 -10.000 -10.419 24.892 -10.000 -13.123
2 24 32.145 -1.538 13.870 33.798 -1.538 12.393
2 24 24.892 -10.000 7.046 26.723 -10.000 4.961
2 24 26.939 -8.846 -6.935 27.378 -8.846 -6.589
2 24 33.455 -8.846 -13.506 33.798 -8.846 -13.063
2 24 31.637 -8.846 -14.771 32.145 -8.846 -14.540
2 24 31.712 -10.000 -17.982 34.796 -10.000 -16.484
2 24 35.602 -10.000 -11.812 35.769 -10.000 -10.419
2 24 31.105 -1.538 25.399 33.061 -1.538 26.434
2 24 26.723 -10.000 -5.631 29.305 -10.000 -4.644
2 24 29.305 -10.000 3.974 32.046 -10.000 4.309
2 24 20.000 -2.308 29.918 20.000 -2.308 -10.419
2 24 25.418 -1.538 10.310 25.685 -1.538 8.099
2 24 24.892 -10.000 32.622 26.723 -10.000 34.706
2 24 22.308 0.000 29.918 22.308 0.000 -10.419
2 24 34.318 -10.000 5.891 35.602 -10.000 8.357
2 24 26.202 -1.538 12.393 27.855 -1.538 13.870
2 24 31.105 -8.846 34.437 31.637 -8.846 34.270
2 24 29.305 -10.000 35.693 32.046 -10.000 35.358
2 24 27.378 -8.846 26.087 27.855 -8.846 25.797
2 24 29.444 -8.846 5.129 30.000 -8.846 5.095
2 24 22.308 0.000 -10.419 23.069 0.000 -13.785
2 24 26.939 -8.846 33.402 27.378 -8.846 33.748
2 24 23.069 -10.000 -13.785 25.204 -10.000 -16.484
2 24 37.692 -10.000 29.918 37.692 -10.000 -10.419
2 24 25.204 0.000 35.983 28.288 0.000 37.480
2 24 25.204 0.000 -16.484 28.288 0.000 -17.982
2 24 31.712 0.000 -17.982 34.796 0.000 -16.484
2 24 34.796 0.000 -16.484 36.931 0.000 -13.785
