0 FILE m6B8E5017_202492_114733.dat
0 bem-sm-4
0 Name:  m6B8E5017_202492_114733.dat
0 Author:  
0 BL_Item_No bem-sm-4
0 BFC CERTIFY CCW
3 16 31.105 -1.538 5.051 33.061 -1.538 6.084 30.000 -1.538 9.560
3 16 34.315 -1.538 7.913 30.000 -1.538 9.560 33.061 -1.538 6.084
3 16 34.582 -1.538 10.120 30.000 -1.538 9.560 34.315 -1.538 7.913
3 16 33.798 -1.538 12.198 30.000 -1.538 9.560 34.582 -1.538 10.120
3 16 32.145 -1.538 13.673 30.000 -1.538 9.560 33.798 -1.538 12.198
3 16 30.000 -1.538 14.205 30.000 -1.538 9.560 32.145 -1.538 13.673
3 16 27.855 -1.538 13.673 30.000 -1.538 9.560 30.000 -1.538 14.205
3 16 26.202 -1.538 12.198 30.000 -1.538 9.560 27.855 -1.538 13.673
3 16 25.418 -1.538 10.120 30.000 -1.538 9.560 26.202 -1.538 12.198
3 16 25.685 -1.538 7.913 30.000 -1.538 9.560 25.418 -1.538 10.120
3 16 26.939 -1.538 6.084 30.000 -1.538 9.560 25.685 -1.538 7.913
3 16 28.895 -1.538 5.051 30.000 -1.538 9.560 26.939 -1.538 6.084
3 16 30.000 -1.538 4.916 30.000 -1.538 9.560 28.895 -1.538 5.051
3 16 31.105 -1.538 5.051 30.000 -1.538 9.560 30.000 -1.538 4.916
3 16 30.000 -5.000 15.472 28.594 -5.000 15.301 30.000 -1.538 14.205
3 16 27.855 -1.538 13.673 30.000 -1.538 14.205 28.594 -5.000 15.301
3 16 27.270 -5.000 14.795 26.104 -5.000 13.986 27.855 -1.538 13.673
3 16 26.202 -1.538 12.198 27.855 -1.538 13.673 26.104 -5.000 13.986
3 16 26.202 -1.538 12.198 24.507 -5.000 11.657 25.418 -1.538 10.120
3 16 25.165 -5.000 12.919 24.507 -5.000 11.657 26.202 -1.538 12.198
3 16 24.168 -5.000 10.273 24.168 -5.000 8.847 25.418 -1.538 10.120
3 16 25.685 -1.538 7.913 25.418 -1.538 10.120 24.168 -5.000 8.847
3 16 24.507 -5.000 7.463 25.165 -5.000 6.201 25.685 -1.538 7.913
3 16 26.939 -1.538 6.084 25.685 -1.538 7.913 25.165 -5.000 6.201
3 16 26.939 -1.538 6.084 27.270 -5.000 4.325 28.895 -1.538 5.051
3 16 26.104 -5.000 5.135 27.270 -5.000 4.325 26.939 -1.538 6.084
3 16 30.000 -1.538 4.916 28.895 -1.538 5.051 30.000 -5.000 3.648
3 16 31.406 -5.000 3.820 31.105 -1.538 5.051 30.000 -5.000 3.648
3 16 30.000 -1.538 4.916 30.000 -5.000 3.648 31.105 -1.538 5.051
3 16 31.406 -5.000 3.820 32.730 -5.000 4.325 31.105 -1.538 5.051
3 16 33.061 -1.538 6.084 31.105 -1.538 5.051 32.730 -5.000 4.325
3 16 33.896 -5.000 5.135 34.835 -5.000 6.201 33.061 -1.538 6.084
3 16 34.315 -1.538 7.913 33.061 -1.538 6.084 34.835 -5.000 6.201
3 16 35.493 -5.000 7.464 35.832 -5.000 8.847 34.315 -1.538 7.913
3 16 34.582 -1.538 10.120 34.315 -1.538 7.913 35.832 -5.000 8.847
3 16 35.832 -5.000 10.273 35.493 -5.000 11.657 34.582 -1.538 10.120
3 16 33.798 -1.538 12.198 34.582 -1.538 10.120 35.493 -5.000 11.657
3 16 33.798 -1.538 12.198 33.896 -5.000 13.986 32.145 -1.538 13.673
3 16 34.835 -5.000 12.919 33.896 -5.000 13.986 33.798 -1.538 12.198
3 16 32.730 -5.000 14.795 31.406 -5.000 15.301 32.145 -1.538 13.673
3 16 30.000 -1.538 14.205 32.145 -1.538 13.673 31.406 -5.000 15.301
3 16 30.000 -5.000 15.472 30.000 -1.538 14.205 31.406 -5.000 15.301
3 16 32.730 -5.000 14.795 32.145 -1.538 13.673 33.896 -5.000 13.986
3 16 34.835 -5.000 12.919 33.798 -1.538 12.198 35.493 -5.000 11.657
3 16 35.832 -5.000 10.273 34.582 -1.538 10.120 35.832 -5.000 8.847
3 16 35.493 -5.000 7.464 34.315 -1.538 7.913 34.835 -5.000 6.201
3 16 33.896 -5.000 5.135 33.061 -1.538 6.084 32.730 -5.000 4.325
3 16 28.594 -5.000 3.820 30.000 -5.000 3.648 28.895 -1.538 5.051
3 16 28.594 -5.000 3.820 28.895 -1.538 5.051 27.270 -5.000 4.325
3 16 26.104 -5.000 5.135 26.939 -1.538 6.084 25.165 -5.000 6.201
3 16 24.507 -5.000 7.463 25.685 -1.538 7.913 24.168 -5.000 8.847
3 16 24.168 -5.000 10.273 25.418 -1.538 10.120 24.507 -5.000 11.657
3 16 25.165 -5.000 12.919 26.202 -1.538 12.198 26.104 -5.000 13.986
3 16 27.270 -5.000 14.795 27.855 -1.538 13.673 28.594 -5.000 15.301
3 16 30.000 -5.000 3.648 28.594 -5.000 3.820 30.000 -8.462 4.916
3 16 27.855 -8.462 5.448 30.000 -8.462 4.916 28.594 -5.000 3.820
3 16 27.270 -5.000 4.325 26.104 -5.000 5.135 27.855 -8.462 5.448
3 16 26.202 -8.462 6.922 27.855 -8.462 5.448 26.104 -5.000 5.135
3 16 26.202 -8.462 6.922 24.507 -5.000 7.463 25.418 -8.462 9.000
3 16 25.165 -5.000 6.201 24.507 -5.000 7.463 26.202 -8.462 6.922
3 16 24.168 -5.000 8.847 24.168 -5.000 10.273 25.418 -8.462 9.000
3 16 25.685 -8.462 11.207 25.418 -8.462 9.000 24.168 -5.000 10.273
3 16 25.685 -8.462 11.207 25.165 -5.000 12.919 26.939 -8.462 13.037
3 16 24.507 -5.000 11.657 25.165 -5.000 12.919 25.685 -8.462 11.207
3 16 26.104 -5.000 13.986 27.270 -5.000 14.795 26.939 -8.462 13.037
3 16 28.895 -8.462 14.070 26.939 -8.462 13.037 27.270 -5.000 14.795
3 16 28.594 -5.000 15.301 30.000 -5.000 15.472 28.895 -8.462 14.070
3 16 31.105 -8.462 14.070 28.895 -8.462 14.070 30.000 -5.000 15.472
3 16 31.406 -5.000 15.301 32.730 -5.000 14.795 31.105 -8.462 14.070
3 16 33.061 -8.462 13.037 31.105 -8.462 14.070 32.730 -5.000 14.795
3 16 33.896 -5.000 13.986 34.835 -5.000 12.919 33.061 -8.462 13.037
3 16 34.315 -8.462 11.207 33.061 -8.462 13.037 34.835 -5.000 12.919
3 16 35.493 -5.000 11.657 35.832 -5.000 10.273 34.315 -8.462 11.207
3 16 34.582 -8.462 9.000 34.315 -8.462 11.207 35.832 -5.000 10.273
3 16 35.832 -5.000 8.847 35.493 -5.000 7.464 34.582 -8.462 9.000
3 16 33.798 -8.462 6.922 34.582 -8.462 9.000 35.493 -5.000 7.464
3 16 33.798 -8.462 6.922 33.896 -5.000 5.135 32.145 -8.462 5.448
3 16 34.835 -5.000 6.201 33.896 -5.000 5.135 33.798 -8.462 6.922
3 16 32.730 -5.000 4.325 31.406 -5.000 3.820 32.145 -8.462 5.448
3 16 30.000 -8.462 4.916 32.145 -8.462 5.448 31.406 -5.000 3.820
3 16 30.000 -5.000 3.648 30.000 -8.462 4.916 31.406 -5.000 3.820
3 16 32.730 -5.000 4.325 32.145 -8.462 5.448 33.896 -5.000 5.135
3 16 34.835 -5.000 6.201 33.798 -8.462 6.922 35.493 -5.000 7.464
3 16 35.832 -5.000 8.847 34.582 -8.462 9.000 35.832 -5.000 10.273
3 16 35.493 -5.000 11.657 34.315 -8.462 11.207 34.835 -5.000 12.919
3 16 33.896 -5.000 13.986 33.061 -8.462 13.037 32.730 -5.000 14.795
3 16 31.406 -5.000 15.301 31.105 -8.462 14.070 30.000 -5.000 15.472
3 16 28.594 -5.000 15.301 28.895 -8.462 14.070 27.270 -5.000 14.795
3 16 26.104 -5.000 13.986 26.939 -8.462 13.037 25.165 -5.000 12.919
3 16 24.507 -5.000 11.657 25.685 -8.462 11.207 24.168 -5.000 10.273
3 16 24.168 -5.000 8.847 25.418 -8.462 9.000 24.507 -5.000 7.463
3 16 25.165 -5.000 6.201 26.202 -8.462 6.922 26.104 -5.000 5.135
3 16 27.270 -5.000 4.325 27.855 -8.462 5.448 28.594 -5.000 3.820
3 16 30.000 -8.846 4.916 31.637 -8.846 5.217 30.000 -8.462 4.916
3 16 32.145 -8.462 5.448 30.000 -8.462 4.916 31.637 -8.846 5.217
3 16 32.145 -8.846 5.448 33.455 -8.846 6.480 32.145 -8.462 5.448
3 16 33.798 -8.462 6.922 32.145 -8.462 5.448 33.455 -8.846 6.480
3 16 33.798 -8.846 6.922 34.481 -8.846 8.449 33.798 -8.462 6.922
3 16 34.582 -8.462 9.000 33.798 -8.462 6.922 34.481 -8.846 8.449
3 16 34.615 -8.846 9.560 34.481 -8.846 10.672 34.582 -8.462 9.000
3 16 34.315 -8.462 11.207 34.582 -8.462 9.000 34.481 -8.846 10.672
3 16 34.582 -8.846 9.000 34.615 -8.846 9.560 34.582 -8.462 9.000
3 16 34.315 -8.846 11.207 33.455 -8.846 12.640 34.315 -8.462 11.207
3 16 33.061 -8.462 13.037 34.315 -8.462 11.207 33.455 -8.846 12.640
3 16 33.061 -8.846 13.037 31.637 -8.846 13.903 33.061 -8.462 13.037
3 16 31.105 -8.462 14.070 33.061 -8.462 13.037 31.637 -8.846 13.903
3 16 31.105 -8.846 14.070 29.444 -8.846 14.171 31.105 -8.462 14.070
3 16 28.895 -8.462 14.070 31.105 -8.462 14.070 29.444 -8.846 14.171
3 16 28.895 -8.846 14.070 27.378 -8.846 13.382 28.895 -8.462 14.070
3 16 26.939 -8.462 13.037 28.895 -8.462 14.070 27.378 -8.846 13.382
3 16 26.939 -8.846 13.037 25.913 -8.846 11.718 26.939 -8.462 13.037
3 16 25.685 -8.462 11.207 26.939 -8.462 13.037 25.913 -8.846 11.718
3 16 25.685 -8.846 11.207 25.385 -8.846 9.560 25.685 -8.462 11.207
3 16 25.418 -8.462 9.000 25.685 -8.462 11.207 25.385 -8.846 9.560
3 16 25.418 -8.846 9.000 25.913 -8.846 7.402 25.418 -8.462 9.000
3 16 26.202 -8.462 6.922 25.418 -8.462 9.000 25.913 -8.846 7.402
3 16 26.202 -8.846 6.922 27.378 -8.846 5.738 26.202 -8.462 6.922
3 16 27.855 -8.462 5.448 26.202 -8.462 6.922 27.378 -8.846 5.738
3 16 27.855 -8.846 5.448 29.444 -8.846 4.949 27.855 -8.462 5.448
3 16 30.000 -8.462 4.916 27.855 -8.462 5.448 29.444 -8.846 4.949
3 16 30.000 -8.846 4.916 30.000 -8.462 4.916 29.444 -8.846 4.949
3 16 27.855 -8.846 5.448 27.855 -8.462 5.448 27.378 -8.846 5.738
3 16 26.202 -8.846 6.922 26.202 -8.462 6.922 25.913 -8.846 7.402
3 16 25.418 -8.846 9.000 25.418 -8.462 9.000 25.385 -8.846 9.560
3 16 25.685 -8.846 11.207 25.685 -8.462 11.207 25.913 -8.846 11.718
3 16 26.939 -8.846 13.037 26.939 -8.462 13.037 27.378 -8.846 13.382
3 16 28.895 -8.846 14.070 28.895 -8.462 14.070 29.444 -8.846 14.171
3 16 31.105 -8.846 14.070 31.105 -8.462 14.070 31.637 -8.846 13.903
3 16 33.061 -8.846 13.037 33.061 -8.462 13.037 33.455 -8.846 12.640
3 16 34.315 -8.846 11.207 34.315 -8.462 11.207 34.481 -8.846 10.672
3 16 34.582 -8.846 9.000 34.582 -8.462 9.000 34.481 -8.846 8.449
3 16 33.798 -8.846 6.922 33.798 -8.462 6.922 33.455 -8.846 6.480
3 16 32.145 -8.846 5.448 32.145 -8.462 5.448 31.637 -8.846 5.217
3 16 25.913 -8.846 7.402 25.418 -8.846 9.000 24.892 -10.000 6.862
3 16 24.231 -10.000 9.560 24.892 -10.000 6.862 25.418 -8.846 9.000
3 16 27.378 -8.846 5.738 26.202 -8.846 6.922 26.723 -10.000 4.782
3 16 24.892 -10.000 6.862 26.723 -10.000 4.782 26.202 -8.846 6.922
3 16 29.444 -8.846 4.949 27.855 -8.846 5.448 29.305 -10.000 3.797
3 16 26.723 -10.000 4.782 29.305 -10.000 3.797 27.855 -8.846 5.448
3 16 31.637 -8.846 5.217 30.000 -8.846 4.916 32.046 -10.000 4.132
3 16 29.305 -10.000 3.797 32.046 -10.000 4.132 30.000 -8.846 4.916
3 16 33.455 -8.846 6.480 32.145 -8.846 5.448 34.318 -10.000 5.710
3 16 32.046 -10.000 4.132 34.318 -10.000 5.710 32.145 -8.846 5.448
3 16 34.481 -8.846 8.449 33.798 -8.846 6.922 35.602 -10.000 8.171
3 16 34.318 -10.000 5.710 35.602 -10.000 8.171 33.798 -8.846 6.922
3 16 35.769 -10.000 9.560 34.582 -8.846 9.000 35.602 -10.000 8.171
3 16 34.615 -8.846 9.560 34.582 -8.846 9.000 35.769 -10.000 9.560
3 16 35.602 -10.000 10.949 34.481 -8.846 10.672 35.769 -10.000 9.560
3 16 34.615 -8.846 9.560 35.769 -10.000 9.560 34.481 -8.846 10.672
3 16 33.455 -8.846 12.640 34.315 -8.846 11.207 34.318 -10.000 13.410
3 16 35.602 -10.000 10.949 34.318 -10.000 13.410 34.315 -8.846 11.207
3 16 31.637 -8.846 13.903 33.061 -8.846 13.037 32.046 -10.000 14.988
3 16 34.318 -10.000 13.410 32.046 -10.000 14.988 33.061 -8.846 13.037
3 16 29.444 -8.846 14.171 31.105 -8.846 14.070 29.305 -10.000 15.323
3 16 32.046 -10.000 14.988 29.305 -10.000 15.323 31.105 -8.846 14.070
3 16 27.378 -8.846 13.382 28.895 -8.846 14.070 26.723 -10.000 14.338
3 16 29.305 -10.000 15.323 26.723 -10.000 14.338 28.895 -8.846 14.070
3 16 25.913 -8.846 11.718 26.939 -8.846 13.037 24.892 -10.000 12.258
3 16 26.723 -10.000 14.338 24.892 -10.000 12.258 26.939 -8.846 13.037
3 16 25.385 -8.846 9.560 25.685 -8.846 11.207 24.231 -10.000 9.560
3 16 24.892 -10.000 12.258 24.231 -10.000 9.560 25.685 -8.846 11.207
3 16 25.913 -8.846 11.718 24.892 -10.000 12.258 25.685 -8.846 11.207
3 16 27.378 -8.846 13.382 26.723 -10.000 14.338 26.939 -8.846 13.037
3 16 29.444 -8.846 14.171 29.305 -10.000 15.323 28.895 -8.846 14.070
3 16 31.637 -8.846 13.903 32.046 -10.000 14.988 31.105 -8.846 14.070
3 16 33.455 -8.846 12.640 34.318 -10.000 13.410 33.061 -8.846 13.037
3 16 34.481 -8.846 10.672 35.602 -10.000 10.949 34.315 -8.846 11.207
3 16 34.481 -8.846 8.449 35.602 -10.000 8.171 34.582 -8.846 9.000
3 16 33.455 -8.846 6.480 34.318 -10.000 5.710 33.798 -8.846 6.922
3 16 31.637 -8.846 5.217 32.046 -10.000 4.132 32.145 -8.846 5.448
3 16 29.444 -8.846 4.949 29.305 -10.000 3.797 30.000 -8.846 4.916
3 16 27.378 -8.846 5.738 26.723 -10.000 4.782 27.855 -8.846 5.448
3 16 25.913 -8.846 7.402 24.892 -10.000 6.862 26.202 -8.846 6.922
3 16 25.385 -8.846 9.560 24.231 -10.000 9.560 25.418 -8.846 9.000
3 16 37.692 -10.000 69.938 35.769 -10.000 49.812 34.318 -10.000 33.536
3 16 29.305 -10.000 35.449 29.305 -10.000 44.049 26.723 -10.000 34.464
3 16 35.602 -10.000 48.423 34.318 -10.000 33.536 35.769 -10.000 49.812
3 16 26.723 -10.000 45.034 26.723 -10.000 34.464 29.305 -10.000 44.049
3 16 29.305 -10.000 44.049 29.305 -10.000 35.449 32.046 -10.000 44.384
3 16 36.931 -10.000 73.297 35.602 -10.000 71.328 37.692 -10.000 69.938
3 16 35.769 -10.000 9.560 35.602 -10.000 8.171 37.692 -10.000 9.560
3 16 35.602 -10.000 51.202 35.769 -10.000 49.812 37.692 -10.000 69.938
3 16 32.046 -10.000 35.115 32.046 -10.000 44.384 29.305 -10.000 35.449
3 16 35.602 -10.000 48.423 34.318 -10.000 45.963 32.046 -10.000 35.115
3 16 37.692 -10.000 69.938 35.602 -10.000 68.549 32.046 -10.000 55.241
3 16 35.769 -10.000 69.938 37.692 -10.000 69.938 35.602 -10.000 71.328
3 16 26.723 -10.000 4.782 24.892 -10.000 6.862 25.204 -10.000 3.508
3 16 29.305 -10.000 3.797 26.723 -10.000 4.782 28.288 -10.000 2.013
3 16 35.602 -10.000 8.171 34.318 -10.000 5.710 36.931 -10.000 6.201
3 16 35.602 -10.000 10.949 35.769 -10.000 9.560 37.692 -10.000 9.560
3 16 34.318 -10.000 53.662 35.602 -10.000 51.202 37.692 -10.000 69.938
3 16 32.046 -10.000 44.384 32.046 -10.000 35.115 34.318 -10.000 45.963
3 16 35.602 -10.000 68.549 37.692 -10.000 69.938 35.769 -10.000 69.938
3 16 34.796 -10.000 75.991 34.318 -10.000 73.788 36.931 -10.000 73.297
3 16 31.712 -10.000 77.485 32.046 -10.000 75.367 34.796 -10.000 75.991
3 16 28.288 -10.000 77.485 29.305 -10.000 75.702 31.712 -10.000 77.485
3 16 25.204 -10.000 75.991 26.723 -10.000 74.716 28.288 -10.000 77.485
3 16 23.069 -10.000 73.297 24.892 -10.000 72.637 25.204 -10.000 75.991
3 16 24.231 -10.000 9.560 26.723 -10.000 24.908 22.308 -10.000 9.560
3 16 24.892 -10.000 6.862 24.231 -10.000 9.560 23.069 -10.000 6.201
3 16 25.204 -10.000 3.508 28.288 -10.000 2.013 26.723 -10.000 4.782
3 16 32.046 -10.000 4.132 29.305 -10.000 3.797 31.712 -10.000 2.013
3 16 36.931 -10.000 6.201 37.692 -10.000 9.560 35.602 -10.000 8.171
3 16 32.046 -10.000 24.258 34.318 -10.000 13.410 37.692 -10.000 9.560
3 16 29.305 -10.000 23.923 29.305 -10.000 15.323 32.046 -10.000 24.258
3 16 24.892 -10.000 47.114 26.723 -10.000 34.464 26.723 -10.000 45.034
3 16 35.602 -10.000 71.328 36.931 -10.000 73.297 34.318 -10.000 73.788
3 16 32.046 -10.000 75.367 31.712 -10.000 77.485 29.305 -10.000 75.702
3 16 26.723 -10.000 74.716 25.204 -10.000 75.991 24.892 -10.000 72.637
3 16 22.308 -10.000 9.560 23.069 -10.000 6.201 24.231 -10.000 9.560
3 16 28.288 -10.000 2.013 31.712 -10.000 2.013 29.305 -10.000 3.797
3 16 34.318 -10.000 5.710 32.046 -10.000 4.132 34.796 -10.000 3.508
3 16 35.602 -10.000 10.949 37.692 -10.000 9.560 34.318 -10.000 13.410
3 16 32.046 -10.000 14.988 32.046 -10.000 24.258 29.305 -10.000 15.323
3 16 24.892 -10.000 32.384 26.723 -10.000 34.464 24.892 -10.000 47.114
3 16 22.308 -10.000 9.560 24.231 -10.000 29.686 24.892 -10.000 47.114
3 16 29.305 -10.000 55.576 32.046 -10.000 55.241 35.602 -10.000 68.549
3 16 29.305 -10.000 75.702 28.288 -10.000 77.485 26.723 -10.000 74.716
3 16 24.892 -10.000 26.988 22.308 -10.000 9.560 26.723 -10.000 24.908
3 16 31.712 -10.000 2.013 34.796 -10.000 3.508 32.046 -10.000 4.132
3 16 34.318 -10.000 13.410 32.046 -10.000 24.258 32.046 -10.000 14.988
3 16 29.305 -10.000 15.323 29.305 -10.000 23.923 26.723 -10.000 14.338
3 16 35.602 -10.000 31.076 35.769 -10.000 29.686 37.692 -10.000 69.938
3 16 24.892 -10.000 32.384 24.892 -10.000 47.114 24.231 -10.000 29.686
3 16 34.318 -10.000 73.788 34.796 -10.000 75.991 32.046 -10.000 75.367
3 16 23.069 -10.000 6.201 25.204 -10.000 3.508 24.892 -10.000 6.862
3 16 34.318 -10.000 25.836 32.046 -10.000 24.258 37.692 -10.000 9.560
3 16 24.892 -10.000 12.258 26.723 -10.000 14.338 26.723 -10.000 24.908
3 16 37.692 -10.000 9.560 37.692 -10.000 69.938 35.769 -10.000 29.686
3 16 34.318 -10.000 53.662 37.692 -10.000 69.938 32.046 -10.000 55.241
3 16 22.308 -10.000 69.938 24.231 -10.000 69.938 23.069 -10.000 73.297
3 16 35.602 -10.000 68.549 34.318 -10.000 66.089 29.305 -10.000 55.576
3 16 34.796 -10.000 3.508 36.931 -10.000 6.201 34.318 -10.000 5.710
3 16 24.231 -10.000 9.560 24.892 -10.000 12.258 26.723 -10.000 24.908
3 16 35.602 -10.000 28.297 37.692 -10.000 9.560 35.769 -10.000 29.686
3 16 24.892 -10.000 72.637 23.069 -10.000 73.297 24.231 -10.000 69.938
3 16 24.892 -10.000 52.510 26.723 -10.000 54.590 34.318 -10.000 66.089
3 16 24.231 -10.000 49.812 24.892 -10.000 52.510 26.723 -10.000 65.161
3 16 34.318 -10.000 66.089 32.046 -10.000 64.510 24.892 -10.000 52.510
3 16 22.308 -10.000 9.560 24.231 -10.000 49.812 24.892 -10.000 67.240
3 16 26.723 -10.000 24.908 26.723 -10.000 14.338 29.305 -10.000 23.923
3 16 34.318 -10.000 33.536 35.602 -10.000 31.076 37.692 -10.000 69.938
3 16 26.723 -10.000 54.590 29.305 -10.000 55.576 34.318 -10.000 66.089
3 16 29.305 -10.000 64.175 24.892 -10.000 52.510 32.046 -10.000 64.510
3 16 22.308 -10.000 9.560 24.892 -10.000 67.240 22.308 -10.000 69.938
3 16 24.892 -10.000 47.114 24.231 -10.000 49.812 22.308 -10.000 9.560
3 16 34.318 -10.000 25.836 37.692 -10.000 9.560 35.602 -10.000 28.297
3 16 29.305 -10.000 64.175 26.723 -10.000 65.161 24.892 -10.000 52.510
3 16 26.723 -10.000 65.161 24.892 -10.000 67.240 24.231 -10.000 49.812
3 16 32.046 -10.000 35.115 34.318 -10.000 33.536 35.602 -10.000 48.423
3 16 24.231 -10.000 29.686 22.308 -10.000 9.560 24.892 -10.000 26.988
3 16 24.231 -10.000 69.938 22.308 -10.000 69.938 24.892 -10.000 67.240
3 16 22.308 -10.000 69.938 23.069 -10.000 73.297 20.000 -7.692 69.938
3 16 23.069 -10.000 73.297 25.204 -10.000 75.991 20.990 -7.692 74.305
3 16 25.204 -10.000 75.991 28.288 -10.000 77.485 23.765 -7.692 77.806
3 16 28.288 -10.000 77.485 31.712 -10.000 77.485 27.775 -7.692 79.749
3 16 31.712 -10.000 77.485 34.796 -10.000 75.991 32.225 -7.692 79.749
3 16 34.796 -10.000 75.991 36.931 -10.000 73.297 36.235 -7.692 77.806
3 16 36.931 -10.000 73.297 37.692 -10.000 69.938 39.010 -7.692 74.305
3 16 40.000 -7.692 69.938 39.010 -7.692 74.305 37.692 -10.000 69.938
3 16 39.010 -7.692 74.305 36.235 -7.692 77.806 36.931 -10.000 73.297
3 16 36.235 -7.692 77.806 32.225 -7.692 79.749 34.796 -10.000 75.991
3 16 32.225 -7.692 79.749 27.775 -7.692 79.749 31.712 -10.000 77.485
3 16 27.775 -7.692 79.749 23.765 -7.692 77.806 28.288 -10.000 77.485
3 16 23.765 -7.692 77.806 20.990 -7.692 74.305 25.204 -10.000 75.991
3 16 20.990 -7.692 74.305 20.000 -7.692 69.938 23.069 -10.000 73.297
3 16 40.000 -7.692 69.938 37.692 -10.000 69.938 40.000 -7.692 9.560
3 16 37.692 -10.000 9.560 40.000 -7.692 9.560 37.692 -10.000 69.938
3 16 22.308 -10.000 69.938 20.000 -7.692 69.938 22.308 -10.000 9.560
3 16 20.000 -7.692 9.560 22.308 -10.000 9.560 20.000 -7.692 69.938
3 16 20.000 -7.692 69.938 20.990 -7.692 74.305 20.000 -2.308 69.938
3 16 20.990 -7.692 74.305 23.765 -7.692 77.806 20.990 -2.308 74.305
3 16 23.765 -7.692 77.806 27.775 -7.692 79.749 23.765 -2.308 77.806
3 16 27.775 -7.692 79.749 32.225 -7.692 79.749 27.775 -2.308 79.749
3 16 32.225 -7.692 79.749 36.235 -7.692 77.806 32.225 -2.308 79.749
3 16 36.235 -7.692 77.806 39.010 -7.692 74.305 36.235 -2.308 77.806
3 16 39.010 -7.692 74.305 40.000 -7.692 69.938 39.010 -2.308 74.305
3 16 40.000 -2.308 69.938 39.010 -2.308 74.305 40.000 -7.692 69.938
3 16 39.010 -2.308 74.305 36.235 -2.308 77.806 39.010 -7.692 74.305
3 16 36.235 -2.308 77.806 32.225 -2.308 79.749 36.235 -7.692 77.806
3 16 32.225 -2.308 79.749 27.775 -2.308 79.749 32.225 -7.692 79.749
3 16 27.775 -2.308 79.749 23.765 -2.308 77.806 27.775 -7.692 79.749
3 16 23.765 -2.308 77.806 20.990 -2.308 74.305 23.765 -7.692 77.806
3 16 20.990 -2.308 74.305 20.000 -2.308 69.938 20.990 -7.692 74.305
3 16 37.692 -10.000 9.560 36.931 -10.000 6.201 40.000 -7.692 9.560
3 16 36.931 -10.000 6.201 34.796 -10.000 3.508 39.010 -7.692 5.194
3 16 34.796 -10.000 3.508 31.712 -10.000 2.013 36.235 -7.692 1.692
3 16 31.712 -10.000 2.013 28.288 -10.000 2.013 32.225 -7.692 -0.251
3 16 28.288 -10.000 2.013 25.204 -10.000 3.508 27.775 -7.692 -0.251
3 16 25.204 -10.000 3.508 23.069 -10.000 6.201 23.765 -7.692 1.692
3 16 23.069 -10.000 6.201 22.308 -10.000 9.560 20.990 -7.692 5.194
3 16 20.000 -7.692 9.560 20.990 -7.692 5.194 22.308 -10.000 9.560
3 16 20.990 -7.692 5.194 23.765 -7.692 1.692 23.069 -10.000 6.201
3 16 23.765 -7.692 1.692 27.775 -7.692 -0.251 25.204 -10.000 3.508
3 16 27.775 -7.692 -0.251 32.225 -7.692 -0.251 28.288 -10.000 2.013
3 16 32.225 -7.692 -0.251 36.235 -7.692 1.692 31.712 -10.000 2.013
3 16 36.235 -7.692 1.692 39.010 -7.692 5.194 34.796 -10.000 3.508
3 16 39.010 -7.692 5.194 40.000 -7.692 9.560 36.931 -10.000 6.201
3 16 20.000 -7.692 69.938 20.000 -2.308 69.938 20.000 -7.692 9.560
3 16 20.000 -2.308 9.560 20.000 -7.692 9.560 20.000 -2.308 69.938
3 16 40.000 -7.692 9.560 40.000 -2.308 9.560 40.000 -7.692 69.938
3 16 40.000 -2.308 69.938 40.000 -7.692 69.938 40.000 -2.308 9.560
3 16 40.000 -7.692 9.560 39.010 -7.692 5.194 40.000 -2.308 9.560
3 16 39.010 -7.692 5.194 36.235 -7.692 1.692 39.010 -2.308 5.194
3 16 36.235 -7.692 1.692 32.225 -7.692 -0.251 36.235 -2.308 1.692
3 16 32.225 -7.692 -0.251 27.775 -7.692 -0.251 32.225 -2.308 -0.251
3 16 27.775 -7.692 -0.251 23.765 -7.692 1.692 27.775 -2.308 -0.251
3 16 23.765 -7.692 1.692 20.990 -7.692 5.194 23.765 -2.308 1.692
3 16 20.990 -7.692 5.194 20.000 -7.692 9.560 20.990 -2.308 5.194
3 16 20.000 -2.308 9.560 20.990 -2.308 5.194 20.000 -7.692 9.560
3 16 20.990 -2.308 5.194 23.765 -2.308 1.692 20.990 -7.692 5.194
3 16 23.765 -2.308 1.692 27.775 -2.308 -0.251 23.765 -7.692 1.692
3 16 27.775 -2.308 -0.251 32.225 -2.308 -0.251 27.775 -7.692 -0.251
3 16 32.225 -2.308 -0.251 36.235 -2.308 1.692 32.225 -7.692 -0.251
3 16 36.235 -2.308 1.692 39.010 -2.308 5.194 36.235 -7.692 1.692
3 16 39.010 -2.308 5.194 40.000 -2.308 9.560 39.010 -7.692 5.194
3 16 37.692 0.000 69.938 36.931 0.000 73.297 40.000 -2.308 69.938
3 16 36.931 0.000 73.297 34.796 0.000 75.991 39.010 -2.308 74.305
3 16 34.796 0.000 75.991 31.712 0.000 77.485 36.235 -2.308 77.806
3 16 31.712 0.000 77.485 28.288 0.000 77.485 32.225 -2.308 79.749
3 16 28.288 0.000 77.485 25.204 0.000 75.991 27.775 -2.308 79.749
3 16 25.204 0.000 75.991 23.069 0.000 73.297 23.765 -2.308 77.806
3 16 23.069 0.000 73.297 22.308 0.000 69.938 20.990 -2.308 74.305
3 16 20.000 -2.308 69.938 20.990 -2.308 74.305 22.308 0.000 69.938
3 16 20.990 -2.308 74.305 23.765 -2.308 77.806 23.069 0.000 73.297
3 16 23.765 -2.308 77.806 27.775 -2.308 79.749 25.204 0.000 75.991
3 16 27.775 -2.308 79.749 32.225 -2.308 79.749 28.288 0.000 77.485
3 16 32.225 -2.308 79.749 36.235 -2.308 77.806 31.712 0.000 77.485
3 16 36.235 -2.308 77.806 39.010 -2.308 74.305 34.796 0.000 75.991
3 16 39.010 -2.308 74.305 40.000 -2.308 69.938 36.931 0.000 73.297
3 16 31.712 0.000 2.013 28.288 0.000 2.013 23.069 0.000 6.201
3 16 36.931 0.000 6.201 34.796 0.000 3.508 23.069 0.000 6.201
3 16 31.712 0.000 77.485 34.796 0.000 75.991 28.288 0.000 77.485
3 16 23.069 0.000 73.297 25.204 0.000 75.991 37.692 0.000 69.938
3 16 31.712 0.000 2.013 23.069 0.000 6.201 34.796 0.000 3.508
3 16 36.931 0.000 73.297 28.288 0.000 77.485 34.796 0.000 75.991
3 16 22.308 0.000 69.938 23.069 0.000 73.297 37.692 0.000 69.938
3 16 37.692 0.000 9.560 36.931 0.000 6.201 23.069 0.000 6.201
3 16 28.288 0.000 77.485 37.692 0.000 69.938 25.204 0.000 75.991
3 16 22.308 0.000 69.938 37.692 0.000 69.938 22.308 0.000 9.560
3 16 25.204 0.000 3.508 23.069 0.000 6.201 28.288 0.000 2.013
3 16 37.692 0.000 9.560 22.308 0.000 9.560 37.692 0.000 69.938
3 16 37.692 0.000 69.938 28.288 0.000 77.485 36.931 0.000 73.297
3 16 22.308 0.000 9.560 37.692 0.000 9.560 23.069 0.000 6.201
3 16 37.692 0.000 69.938 40.000 -2.308 69.938 37.692 0.000 9.560
3 16 40.000 -2.308 9.560 37.692 0.000 9.560 40.000 -2.308 69.938
3 16 20.000 -2.308 69.938 22.308 0.000 69.938 20.000 -2.308 9.560
3 16 22.308 0.000 9.560 20.000 -2.308 9.560 22.308 0.000 69.938
3 16 22.308 0.000 9.560 23.069 0.000 6.201 20.000 -2.308 9.560
3 16 23.069 0.000 6.201 25.204 0.000 3.508 20.990 -2.308 5.194
3 16 25.204 0.000 3.508 28.288 0.000 2.013 23.765 -2.308 1.692
3 16 28.288 0.000 2.013 31.712 0.000 2.013 27.775 -2.308 -0.251
3 16 31.712 0.000 2.013 34.796 0.000 3.508 32.225 -2.308 -0.251
3 16 34.796 0.000 3.508 36.931 0.000 6.201 36.235 -2.308 1.692
3 16 36.931 0.000 6.201 37.692 0.000 9.560 39.010 -2.308 5.194
3 16 40.000 -2.308 9.560 39.010 -2.308 5.194 37.692 0.000 9.560
3 16 39.010 -2.308 5.194 36.235 -2.308 1.692 36.931 0.000 6.201
3 16 36.235 -2.308 1.692 32.225 -2.308 -0.251 34.796 0.000 3.508
3 16 32.225 -2.308 -0.251 27.775 -2.308 -0.251 31.712 0.000 2.013
3 16 27.775 -2.308 -0.251 23.765 -2.308 1.692 28.288 0.000 2.013
3 16 23.765 -2.308 1.692 20.990 -2.308 5.194 25.204 0.000 3.508
3 16 20.990 -2.308 5.194 20.000 -2.308 9.560 23.069 0.000 6.201
3 16 25.913 -8.846 27.528 25.418 -8.846 29.126 24.892 -10.000 26.988
3 16 24.231 -10.000 29.686 24.892 -10.000 26.988 25.418 -8.846 29.126
3 16 27.378 -8.846 25.864 26.202 -8.846 27.048 26.723 -10.000 24.908
3 16 24.892 -10.000 26.988 26.723 -10.000 24.908 26.202 -8.846 27.048
3 16 29.444 -8.846 25.076 27.855 -8.846 25.574 29.305 -10.000 23.923
3 16 26.723 -10.000 24.908 29.305 -10.000 23.923 27.855 -8.846 25.574
3 16 31.637 -8.846 25.344 30.000 -8.846 25.042 32.046 -10.000 24.258
3 16 29.305 -10.000 23.923 32.046 -10.000 24.258 30.000 -8.846 25.042
3 16 33.455 -8.846 26.606 32.145 -8.846 25.574 34.318 -10.000 25.836
3 16 32.046 -10.000 24.258 34.318 -10.000 25.836 32.145 -8.846 25.574
3 16 34.481 -8.846 28.575 33.798 -8.846 27.048 35.602 -10.000 28.297
3 16 34.318 -10.000 25.836 35.602 -10.000 28.297 33.798 -8.846 27.048
3 16 35.769 -10.000 29.686 34.582 -8.846 29.126 35.602 -10.000 28.297
3 16 34.615 -8.846 29.686 34.582 -8.846 29.126 35.769 -10.000 29.686
3 16 35.602 -10.000 31.076 34.481 -8.846 30.798 35.769 -10.000 29.686
3 16 34.615 -8.846 29.686 35.769 -10.000 29.686 34.481 -8.846 30.798
3 16 33.455 -8.846 32.766 34.315 -8.846 31.333 34.318 -10.000 33.536
3 16 35.602 -10.000 31.076 34.318 -10.000 33.536 34.315 -8.846 31.333
3 16 31.637 -8.846 34.029 33.061 -8.846 33.163 32.046 -10.000 35.115
3 16 34.318 -10.000 33.536 32.046 -10.000 35.115 33.061 -8.846 33.163
3 16 29.444 -8.846 34.297 31.105 -8.846 34.196 29.305 -10.000 35.449
3 16 32.046 -10.000 35.115 29.305 -10.000 35.449 31.105 -8.846 34.196
3 16 27.378 -8.846 33.509 28.895 -8.846 34.196 26.723 -10.000 34.464
3 16 29.305 -10.000 35.449 26.723 -10.000 34.464 28.895 -8.846 34.196
3 16 25.913 -8.846 31.845 26.939 -8.846 33.163 24.892 -10.000 32.384
3 16 26.723 -10.000 34.464 24.892 -10.000 32.384 26.939 -8.846 33.163
3 16 25.385 -8.846 29.686 25.685 -8.846 31.333 24.231 -10.000 29.686
3 16 24.892 -10.000 32.384 24.231 -10.000 29.686 25.685 -8.846 31.333
3 16 25.913 -8.846 31.845 24.892 -10.000 32.384 25.685 -8.846 31.333
3 16 27.378 -8.846 33.509 26.723 -10.000 34.464 26.939 -8.846 33.163
3 16 29.444 -8.846 34.297 29.305 -10.000 35.449 28.895 -8.846 34.196
3 16 31.637 -8.846 34.029 32.046 -10.000 35.115 31.105 -8.846 34.196
3 16 33.455 -8.846 32.766 34.318 -10.000 33.536 33.061 -8.846 33.163
3 16 34.481 -8.846 30.798 35.602 -10.000 31.076 34.315 -8.846 31.333
3 16 34.481 -8.846 28.575 35.602 -10.000 28.297 34.582 -8.846 29.126
3 16 33.455 -8.846 26.606 34.318 -10.000 25.836 33.798 -8.846 27.048
3 16 31.637 -8.846 25.344 32.046 -10.000 24.258 32.145 -8.846 25.574
3 16 29.444 -8.846 25.076 29.305 -10.000 23.923 30.000 -8.846 25.042
3 16 27.378 -8.846 25.864 26.723 -10.000 24.908 27.855 -8.846 25.574
3 16 25.913 -8.846 27.528 24.892 -10.000 26.988 26.202 -8.846 27.048
3 16 25.385 -8.846 29.686 24.231 -10.000 29.686 25.418 -8.846 29.126
3 16 30.000 -8.846 25.042 31.637 -8.846 25.344 30.000 -8.462 25.042
3 16 32.145 -8.462 25.574 30.000 -8.462 25.042 31.637 -8.846 25.344
3 16 32.145 -8.846 25.574 33.455 -8.846 26.606 32.145 -8.462 25.574
3 16 33.798 -8.462 27.048 32.145 -8.462 25.574 33.455 -8.846 26.606
3 16 33.798 -8.846 27.048 34.481 -8.846 28.575 33.798 -8.462 27.048
3 16 34.582 -8.462 29.126 33.798 -8.462 27.048 34.481 -8.846 28.575
3 16 34.615 -8.846 29.686 34.481 -8.846 30.798 34.582 -8.462 29.126
3 16 34.315 -8.462 31.333 34.582 -8.462 29.126 34.481 -8.846 30.798
3 16 34.582 -8.846 29.126 34.615 -8.846 29.686 34.582 -8.462 29.126
3 16 34.315 -8.846 31.333 33.455 -8.846 32.766 34.315 -8.462 31.333
3 16 33.061 -8.462 33.163 34.315 -8.462 31.333 33.455 -8.846 32.766
3 16 33.061 -8.846 33.163 31.637 -8.846 34.029 33.061 -8.462 33.163
3 16 31.105 -8.462 34.196 33.061 -8.462 33.163 31.637 -8.846 34.029
3 16 31.105 -8.846 34.196 29.444 -8.846 34.297 31.105 -8.462 34.196
3 16 28.895 -8.462 34.196 31.105 -8.462 34.196 29.444 -8.846 34.297
3 16 28.895 -8.846 34.196 27.378 -8.846 33.509 28.895 -8.462 34.196
3 16 26.939 -8.462 33.163 28.895 -8.462 34.196 27.378 -8.846 33.509
3 16 26.939 -8.846 33.163 25.913 -8.846 31.845 26.939 -8.462 33.163
3 16 25.685 -8.462 31.333 26.939 -8.462 33.163 25.913 -8.846 31.845
3 16 25.685 -8.846 31.333 25.385 -8.846 29.686 25.685 -8.462 31.333
3 16 25.418 -8.462 29.126 25.685 -8.462 31.333 25.385 -8.846 29.686
3 16 25.418 -8.846 29.126 25.913 -8.846 27.528 25.418 -8.462 29.126
3 16 26.202 -8.462 27.048 25.418 -8.462 29.126 25.913 -8.846 27.528
3 16 26.202 -8.846 27.048 27.378 -8.846 25.864 26.202 -8.462 27.048
3 16 27.855 -8.462 25.574 26.202 -8.462 27.048 27.378 -8.846 25.864
3 16 27.855 -8.846 25.574 29.444 -8.846 25.076 27.855 -8.462 25.574
3 16 30.000 -8.462 25.042 27.855 -8.462 25.574 29.444 -8.846 25.076
3 16 30.000 -8.846 25.042 30.000 -8.462 25.042 29.444 -8.846 25.076
3 16 27.855 -8.846 25.574 27.855 -8.462 25.574 27.378 -8.846 25.864
3 16 26.202 -8.846 27.048 26.202 -8.462 27.048 25.913 -8.846 27.528
3 16 25.418 -8.846 29.126 25.418 -8.462 29.126 25.385 -8.846 29.686
3 16 25.685 -8.846 31.333 25.685 -8.462 31.333 25.913 -8.846 31.845
3 16 26.939 -8.846 33.163 26.939 -8.462 33.163 27.378 -8.846 33.509
3 16 28.895 -8.846 34.196 28.895 -8.462 34.196 29.444 -8.846 34.297
3 16 31.105 -8.846 34.196 31.105 -8.462 34.196 31.637 -8.846 34.029
3 16 33.061 -8.846 33.163 33.061 -8.462 33.163 33.455 -8.846 32.766
3 16 34.315 -8.846 31.333 34.315 -8.462 31.333 34.481 -8.846 30.798
3 16 34.582 -8.846 29.126 34.582 -8.462 29.126 34.481 -8.846 28.575
3 16 33.798 -8.846 27.048 33.798 -8.462 27.048 33.455 -8.846 26.606
3 16 32.145 -8.846 25.574 32.145 -8.462 25.574 31.637 -8.846 25.344
3 16 30.000 -8.462 25.042 28.594 -5.000 23.946 27.855 -8.462 25.574
3 16 30.000 -5.000 23.774 28.594 -5.000 23.946 30.000 -8.462 25.042
3 16 27.270 -5.000 24.451 26.104 -5.000 25.261 27.855 -8.462 25.574
3 16 26.202 -8.462 27.048 27.855 -8.462 25.574 26.104 -5.000 25.261
3 16 26.202 -8.462 27.048 24.507 -5.000 27.590 25.418 -8.462 29.126
3 16 25.165 -5.000 26.328 24.507 -5.000 27.590 26.202 -8.462 27.048
3 16 24.168 -5.000 28.974 24.168 -5.000 30.399 25.418 -8.462 29.126
3 16 25.685 -8.462 31.333 25.418 -8.462 29.126 24.168 -5.000 30.399
3 16 25.685 -8.462 31.333 25.165 -5.000 33.045 26.939 -8.462 33.163
3 16 24.507 -5.000 31.783 25.165 -5.000 33.045 25.685 -8.462 31.333
3 16 26.104 -5.000 34.112 27.270 -5.000 34.921 26.939 -8.462 33.163
3 16 28.895 -8.462 34.196 26.939 -8.462 33.163 27.270 -5.000 34.921
3 16 28.594 -5.000 35.427 30.000 -5.000 35.599 28.895 -8.462 34.196
3 16 31.105 -8.462 34.196 28.895 -8.462 34.196 30.000 -5.000 35.599
3 16 31.406 -5.000 35.427 32.730 -5.000 34.921 31.105 -8.462 34.196
3 16 33.061 -8.462 33.163 31.105 -8.462 34.196 32.730 -5.000 34.921
3 16 33.896 -5.000 34.112 34.835 -5.000 33.045 33.061 -8.462 33.163
3 16 34.315 -8.462 31.333 33.061 -8.462 33.163 34.835 -5.000 33.045
3 16 35.493 -5.000 31.783 35.832 -5.000 30.399 34.315 -8.462 31.333
3 16 34.582 -8.462 29.126 34.315 -8.462 31.333 35.832 -5.000 30.399
3 16 35.832 -5.000 28.974 35.493 -5.000 27.590 34.582 -8.462 29.126
3 16 33.798 -8.462 27.048 34.582 -8.462 29.126 35.493 -5.000 27.590
3 16 33.798 -8.462 27.048 33.896 -5.000 25.261 32.145 -8.462 25.574
3 16 34.835 -5.000 26.328 33.896 -5.000 25.261 33.798 -8.462 27.048
3 16 32.730 -5.000 24.451 31.406 -5.000 23.946 32.145 -8.462 25.574
3 16 30.000 -8.462 25.042 32.145 -8.462 25.574 31.406 -5.000 23.946
3 16 30.000 -5.000 23.774 30.000 -8.462 25.042 31.406 -5.000 23.946
3 16 32.730 -5.000 24.451 32.145 -8.462 25.574 33.896 -5.000 25.261
3 16 34.835 -5.000 26.328 33.798 -8.462 27.048 35.493 -5.000 27.590
3 16 35.832 -5.000 28.974 34.582 -8.462 29.126 35.832 -5.000 30.399
3 16 35.493 -5.000 31.783 34.315 -8.462 31.333 34.835 -5.000 33.045
3 16 33.896 -5.000 34.112 33.061 -8.462 33.163 32.730 -5.000 34.921
3 16 31.406 -5.000 35.427 31.105 -8.462 34.196 30.000 -5.000 35.599
3 16 28.594 -5.000 35.427 28.895 -8.462 34.196 27.270 -5.000 34.921
3 16 26.104 -5.000 34.112 26.939 -8.462 33.163 25.165 -5.000 33.045
3 16 24.507 -5.000 31.783 25.685 -8.462 31.333 24.168 -5.000 30.399
3 16 24.168 -5.000 28.974 25.418 -8.462 29.126 24.507 -5.000 27.590
3 16 25.165 -5.000 26.328 26.202 -8.462 27.048 26.104 -5.000 25.261
3 16 27.270 -5.000 24.451 27.855 -8.462 25.574 28.594 -5.000 23.946
3 16 30.000 -5.000 35.599 28.594 -5.000 35.427 30.000 -1.538 34.331
3 16 27.855 -1.538 33.799 30.000 -1.538 34.331 28.594 -5.000 35.427
3 16 27.270 -5.000 34.921 26.104 -5.000 34.112 27.855 -1.538 33.799
3 16 26.202 -1.538 32.325 27.855 -1.538 33.799 26.104 -5.000 34.112
3 16 25.165 -5.000 33.045 24.507 -5.000 31.783 26.202 -1.538 32.325
3 16 25.418 -1.538 30.246 26.202 -1.538 32.325 24.507 -5.000 31.783
3 16 24.168 -5.000 30.399 24.168 -5.000 28.974 25.418 -1.538 30.246
3 16 25.685 -1.538 28.039 25.418 -1.538 30.246 24.168 -5.000 28.974
3 16 25.685 -1.538 28.039 25.165 -5.000 26.328 26.939 -1.538 26.210
3 16 24.507 -5.000 27.590 25.165 -5.000 26.328 25.685 -1.538 28.039
3 16 26.104 -5.000 25.261 27.270 -5.000 24.451 26.939 -1.538 26.210
3 16 28.895 -1.538 25.177 26.939 -1.538 26.210 27.270 -5.000 24.451
3 16 30.000 -5.000 23.774 30.000 -1.538 25.042 28.594 -5.000 23.946
3 16 31.105 -1.538 25.177 30.000 -1.538 25.042 31.406 -5.000 23.946
3 16 30.000 -5.000 23.774 31.406 -5.000 23.946 30.000 -1.538 25.042
3 16 31.406 -5.000 23.946 32.730 -5.000 24.451 31.105 -1.538 25.177
3 16 33.061 -1.538 26.210 31.105 -1.538 25.177 32.730 -5.000 24.451
3 16 33.896 -5.000 25.261 34.835 -5.000 26.328 33.061 -1.538 26.210
3 16 34.315 -1.538 28.039 33.061 -1.538 26.210 34.835 -5.000 26.328
3 16 35.493 -5.000 27.590 35.832 -5.000 28.974 34.315 -1.538 28.039
3 16 34.582 -1.538 30.246 34.315 -1.538 28.039 35.832 -5.000 28.974
3 16 35.832 -5.000 30.399 35.493 -5.000 31.783 34.582 -1.538 30.246
3 16 33.798 -1.538 32.325 34.582 -1.538 30.246 35.493 -5.000 31.783
3 16 34.835 -5.000 33.045 33.896 -5.000 34.112 33.798 -1.538 32.325
3 16 32.145 -1.538 33.799 33.798 -1.538 32.325 33.896 -5.000 34.112
3 16 32.730 -5.000 34.921 31.406 -5.000 35.427 32.145 -1.538 33.799
3 16 30.000 -1.538 34.331 32.145 -1.538 33.799 31.406 -5.000 35.427
3 16 30.000 -5.000 35.599 30.000 -1.538 34.331 31.406 -5.000 35.427
3 16 32.730 -5.000 34.921 32.145 -1.538 33.799 33.896 -5.000 34.112
3 16 34.835 -5.000 33.045 33.798 -1.538 32.325 35.493 -5.000 31.783
3 16 35.832 -5.000 30.399 34.582 -1.538 30.246 35.832 -5.000 28.974
3 16 35.493 -5.000 27.590 34.315 -1.538 28.039 34.835 -5.000 26.328
3 16 33.896 -5.000 25.261 33.061 -1.538 26.210 32.730 -5.000 24.451
3 16 28.895 -1.538 25.177 28.594 -5.000 23.946 30.000 -1.538 25.042
3 16 28.594 -5.000 23.946 28.895 -1.538 25.177 27.270 -5.000 24.451
3 16 26.104 -5.000 25.261 26.939 -1.538 26.210 25.165 -5.000 26.328
3 16 24.507 -5.000 27.590 25.685 -1.538 28.039 24.168 -5.000 28.974
3 16 24.168 -5.000 30.399 25.418 -1.538 30.246 24.507 -5.000 31.783
3 16 25.165 -5.000 33.045 26.202 -1.538 32.325 26.104 -5.000 34.112
3 16 27.270 -5.000 34.921 27.855 -1.538 33.799 28.594 -5.000 35.427
3 16 31.105 -1.538 25.177 33.061 -1.538 26.210 30.000 -1.538 29.686
3 16 34.315 -1.538 28.039 30.000 -1.538 29.686 33.061 -1.538 26.210
3 16 34.582 -1.538 30.246 30.000 -1.538 29.686 34.315 -1.538 28.039
3 16 33.798 -1.538 32.325 30.000 -1.538 29.686 34.582 -1.538 30.246
3 16 32.145 -1.538 33.799 30.000 -1.538 29.686 33.798 -1.538 32.325
3 16 30.000 -1.538 34.331 30.000 -1.538 29.686 32.145 -1.538 33.799
3 16 27.855 -1.538 33.799 30.000 -1.538 29.686 30.000 -1.538 34.331
3 16 26.202 -1.538 32.325 30.000 -1.538 29.686 27.855 -1.538 33.799
3 16 25.418 -1.538 30.246 30.000 -1.538 29.686 26.202 -1.538 32.325
3 16 25.685 -1.538 28.039 30.000 -1.538 29.686 25.418 -1.538 30.246
3 16 26.939 -1.538 26.210 30.000 -1.538 29.686 25.685 -1.538 28.039
3 16 28.895 -1.538 25.177 30.000 -1.538 29.686 26.939 -1.538 26.210
3 16 30.000 -1.538 25.042 30.000 -1.538 29.686 28.895 -1.538 25.177
3 16 31.105 -1.538 25.177 30.000 -1.538 29.686 30.000 -1.538 25.042
3 16 25.913 -8.846 47.654 25.418 -8.846 49.253 24.892 -10.000 47.114
3 16 24.231 -10.000 49.812 24.892 -10.000 47.114 25.418 -8.846 49.253
3 16 27.378 -8.846 45.990 26.202 -8.846 47.174 26.723 -10.000 45.034
3 16 24.892 -10.000 47.114 26.723 -10.000 45.034 26.202 -8.846 47.174
3 16 29.444 -8.846 45.202 27.855 -8.846 45.700 29.305 -10.000 44.049
3 16 26.723 -10.000 45.034 29.305 -10.000 44.049 27.855 -8.846 45.700
3 16 31.637 -8.846 45.470 30.000 -8.846 45.168 32.046 -10.000 44.384
3 16 29.305 -10.000 44.049 32.046 -10.000 44.384 30.000 -8.846 45.168
3 16 33.455 -8.846 46.732 32.145 -8.846 45.700 34.318 -10.000 45.963
3 16 32.046 -10.000 44.384 34.318 -10.000 45.963 32.145 -8.846 45.700
3 16 34.481 -8.846 48.701 33.798 -8.846 47.174 35.602 -10.000 48.423
3 16 34.318 -10.000 45.963 35.602 -10.000 48.423 33.798 -8.846 47.174
3 16 35.769 -10.000 49.812 34.582 -8.846 49.253 35.602 -10.000 48.423
3 16 34.615 -8.846 49.812 34.582 -8.846 49.253 35.769 -10.000 49.812
3 16 35.602 -10.000 51.202 34.481 -8.846 50.924 35.769 -10.000 49.812
3 16 34.615 -8.846 49.812 35.769 -10.000 49.812 34.481 -8.846 50.924
3 16 33.455 -8.846 52.892 34.315 -8.846 51.459 34.318 -10.000 53.662
3 16 35.602 -10.000 51.202 34.318 -10.000 53.662 34.315 -8.846 51.459
3 16 31.637 -8.846 54.155 33.061 -8.846 53.289 32.046 -10.000 55.241
3 16 34.318 -10.000 53.662 32.046 -10.000 55.241 33.061 -8.846 53.289
3 16 29.444 -8.846 54.423 31.105 -8.846 54.322 29.305 -10.000 55.576
3 16 32.046 -10.000 55.241 29.305 -10.000 55.576 31.105 -8.846 54.322
3 16 27.378 -8.846 53.635 28.895 -8.846 54.322 26.723 -10.000 54.590
3 16 29.305 -10.000 55.576 26.723 -10.000 54.590 28.895 -8.846 54.322
3 16 25.913 -8.846 51.971 26.939 -8.846 53.289 24.892 -10.000 52.510
3 16 26.723 -10.000 54.590 24.892 -10.000 52.510 26.939 -8.846 53.289
3 16 25.385 -8.846 49.812 25.685 -8.846 51.459 24.231 -10.000 49.812
3 16 24.892 -10.000 52.510 24.231 -10.000 49.812 25.685 -8.846 51.459
3 16 25.913 -8.846 51.971 24.892 -10.000 52.510 25.685 -8.846 51.459
3 16 27.378 -8.846 53.635 26.723 -10.000 54.590 26.939 -8.846 53.289
3 16 29.444 -8.846 54.423 29.305 -10.000 55.576 28.895 -8.846 54.322
3 16 31.637 -8.846 54.155 32.046 -10.000 55.241 31.105 -8.846 54.322
3 16 33.455 -8.846 52.892 34.318 -10.000 53.662 33.061 -8.846 53.289
3 16 34.481 -8.846 50.924 35.602 -10.000 51.202 34.315 -8.846 51.459
3 16 34.481 -8.846 48.701 35.602 -10.000 48.423 34.582 -8.846 49.253
3 16 33.455 -8.846 46.732 34.318 -10.000 45.963 33.798 -8.846 47.174
3 16 31.637 -8.846 45.470 32.046 -10.000 44.384 32.145 -8.846 45.700
3 16 29.444 -8.846 45.202 29.305 -10.000 44.049 30.000 -8.846 45.168
3 16 27.378 -8.846 45.990 26.723 -10.000 45.034 27.855 -8.846 45.700
3 16 25.913 -8.846 47.654 24.892 -10.000 47.114 26.202 -8.846 47.174
3 16 25.385 -8.846 49.812 24.231 -10.000 49.812 25.418 -8.846 49.253
3 16 30.000 -8.846 45.168 31.637 -8.846 45.470 30.000 -8.462 45.168
3 16 32.145 -8.462 45.700 30.000 -8.462 45.168 31.637 -8.846 45.470
3 16 32.145 -8.846 45.700 33.455 -8.846 46.732 32.145 -8.462 45.700
3 16 33.798 -8.462 47.174 32.145 -8.462 45.700 33.455 -8.846 46.732
3 16 33.798 -8.846 47.174 34.481 -8.846 48.701 33.798 -8.462 47.174
3 16 34.582 -8.462 49.253 33.798 -8.462 47.174 34.481 -8.846 48.701
3 16 34.582 -8.462 49.253 34.615 -8.846 49.812 34.315 -8.462 51.459
3 16 34.481 -8.846 50.924 34.315 -8.462 51.459 34.615 -8.846 49.812
3 16 34.582 -8.846 49.253 34.615 -8.846 49.812 34.582 -8.462 49.253
3 16 34.315 -8.846 51.459 33.455 -8.846 52.892 34.315 -8.462 51.459
3 16 33.061 -8.462 53.289 34.315 -8.462 51.459 33.455 -8.846 52.892
3 16 33.061 -8.846 53.289 31.637 -8.846 54.155 33.061 -8.462 53.289
3 16 31.105 -8.462 54.322 33.061 -8.462 53.289 31.637 -8.846 54.155
3 16 31.105 -8.846 54.322 29.444 -8.846 54.423 31.105 -8.462 54.322
3 16 28.895 -8.462 54.322 31.105 -8.462 54.322 29.444 -8.846 54.423
3 16 28.895 -8.846 54.322 27.378 -8.846 53.635 28.895 -8.462 54.322
3 16 26.939 -8.462 53.289 28.895 -8.462 54.322 27.378 -8.846 53.635
3 16 26.939 -8.846 53.289 25.913 -8.846 51.971 26.939 -8.462 53.289
3 16 25.685 -8.462 51.459 26.939 -8.462 53.289 25.913 -8.846 51.971
3 16 25.685 -8.846 51.459 25.385 -8.846 49.812 25.685 -8.462 51.459
3 16 25.418 -8.462 49.253 25.685 -8.462 51.459 25.385 -8.846 49.812
3 16 25.418 -8.846 49.253 25.913 -8.846 47.654 25.418 -8.462 49.253
3 16 26.202 -8.462 47.174 25.418 -8.462 49.253 25.913 -8.846 47.654
3 16 26.202 -8.846 47.174 27.378 -8.846 45.990 26.202 -8.462 47.174
3 16 27.855 -8.462 45.700 26.202 -8.462 47.174 27.378 -8.846 45.990
3 16 27.855 -8.846 45.700 29.444 -8.846 45.202 27.855 -8.462 45.700
3 16 30.000 -8.462 45.168 27.855 -8.462 45.700 29.444 -8.846 45.202
3 16 30.000 -8.846 45.168 30.000 -8.462 45.168 29.444 -8.846 45.202
3 16 27.855 -8.846 45.700 27.855 -8.462 45.700 27.378 -8.846 45.990
3 16 26.202 -8.846 47.174 26.202 -8.462 47.174 25.913 -8.846 47.654
3 16 25.418 -8.846 49.253 25.418 -8.462 49.253 25.385 -8.846 49.812
3 16 25.685 -8.846 51.459 25.685 -8.462 51.459 25.913 -8.846 51.971
3 16 26.939 -8.846 53.289 26.939 -8.462 53.289 27.378 -8.846 53.635
3 16 28.895 -8.846 54.322 28.895 -8.462 54.322 29.444 -8.846 54.423
3 16 31.105 -8.846 54.322 31.105 -8.462 54.322 31.637 -8.846 54.155
3 16 33.061 -8.846 53.289 33.061 -8.462 53.289 33.455 -8.846 52.892
3 16 34.315 -8.846 51.459 34.315 -8.462 51.459 34.481 -8.846 50.924
3 16 34.582 -8.846 49.253 34.582 -8.462 49.253 34.481 -8.846 48.701
3 16 33.798 -8.846 47.174 33.798 -8.462 47.174 33.455 -8.846 46.732
3 16 32.145 -8.846 45.700 32.145 -8.462 45.700 31.637 -8.846 45.470
3 16 30.000 -5.000 43.900 28.594 -5.000 44.072 30.000 -8.462 45.168
3 16 27.855 -8.462 45.700 30.000 -8.462 45.168 28.594 -5.000 44.072
3 16 27.270 -5.000 44.577 26.104 -5.000 45.387 27.855 -8.462 45.700
3 16 26.202 -8.462 47.174 27.855 -8.462 45.700 26.104 -5.000 45.387
3 16 25.165 -5.000 46.454 24.507 -5.000 47.716 26.202 -8.462 47.174
3 16 25.418 -8.462 49.253 26.202 -8.462 47.174 24.507 -5.000 47.716
3 16 24.168 -5.000 49.100 24.168 -5.000 50.525 25.418 -8.462 49.253
3 16 25.685 -8.462 51.459 25.418 -8.462 49.253 24.168 -5.000 50.525
3 16 25.685 -8.462 51.459 25.165 -5.000 53.171 26.939 -8.462 53.289
3 16 24.507 -5.000 51.909 25.165 -5.000 53.171 25.685 -8.462 51.459
3 16 26.939 -8.462 53.289 27.270 -5.000 55.047 28.895 -8.462 54.322
3 16 26.104 -5.000 54.238 27.270 -5.000 55.047 26.939 -8.462 53.289
3 16 28.594 -5.000 55.553 30.000 -5.000 55.725 28.895 -8.462 54.322
3 16 31.105 -8.462 54.322 28.895 -8.462 54.322 30.000 -5.000 55.725
3 16 31.406 -5.000 55.553 32.730 -5.000 55.047 31.105 -8.462 54.322
3 16 33.061 -8.462 53.289 31.105 -8.462 54.322 32.730 -5.000 55.047
3 16 33.896 -5.000 54.238 34.835 -5.000 53.171 33.061 -8.462 53.289
3 16 34.315 -8.462 51.459 33.061 -8.462 53.289 34.835 -5.000 53.171
3 16 35.493 -5.000 51.909 35.832 -5.000 50.525 34.315 -8.462 51.459
3 16 34.582 -8.462 49.253 34.315 -8.462 51.459 35.832 -5.000 50.525
3 16 35.832 -5.000 49.100 35.493 -5.000 47.716 34.582 -8.462 49.253
3 16 33.798 -8.462 47.174 34.582 -8.462 49.253 35.493 -5.000 47.716
3 16 34.835 -5.000 46.454 33.896 -5.000 45.387 33.798 -8.462 47.174
3 16 32.145 -8.462 45.700 33.798 -8.462 47.174 33.896 -5.000 45.387
3 16 32.730 -5.000 44.577 31.406 -5.000 44.072 32.145 -8.462 45.700
3 16 30.000 -8.462 45.168 32.145 -8.462 45.700 31.406 -5.000 44.072
3 16 30.000 -5.000 43.900 30.000 -8.462 45.168 31.406 -5.000 44.072
3 16 32.730 -5.000 44.577 32.145 -8.462 45.700 33.896 -5.000 45.387
3 16 34.835 -5.000 46.454 33.798 -8.462 47.174 35.493 -5.000 47.716
3 16 35.832 -5.000 49.100 34.582 -8.462 49.253 35.832 -5.000 50.525
3 16 35.493 -5.000 51.909 34.315 -8.462 51.459 34.835 -5.000 53.171
3 16 33.896 -5.000 54.238 33.061 -8.462 53.289 32.730 -5.000 55.047
3 16 31.406 -5.000 55.553 31.105 -8.462 54.322 30.000 -5.000 55.725
3 16 28.594 -5.000 55.553 28.895 -8.462 54.322 27.270 -5.000 55.047
3 16 26.104 -5.000 54.238 26.939 -8.462 53.289 25.165 -5.000 53.171
3 16 24.507 -5.000 51.909 25.685 -8.462 51.459 24.168 -5.000 50.525
3 16 24.168 -5.000 49.100 25.418 -8.462 49.253 24.507 -5.000 47.716
3 16 25.165 -5.000 46.454 26.202 -8.462 47.174 26.104 -5.000 45.387
3 16 27.270 -5.000 44.577 27.855 -8.462 45.700 28.594 -5.000 44.072
3 16 30.000 -5.000 55.725 28.594 -5.000 55.553 30.000 -1.538 54.457
3 16 27.855 -1.538 53.925 30.000 -1.538 54.457 28.594 -5.000 55.553
3 16 27.270 -5.000 55.047 26.104 -5.000 54.238 27.855 -1.538 53.925
3 16 26.202 -1.538 52.451 27.855 -1.538 53.925 26.104 -5.000 54.238
3 16 25.165 -5.000 53.171 24.507 -5.000 51.909 26.202 -1.538 52.451
3 16 25.418 -1.538 50.372 26.202 -1.538 52.451 24.507 -5.000 51.909
3 16 24.168 -5.000 50.525 24.168 -5.000 49.100 25.418 -1.538 50.372
3 16 25.685 -1.538 48.165 25.418 -1.538 50.372 24.168 -5.000 49.100
3 16 25.685 -1.538 48.165 25.165 -5.000 46.454 26.939 -1.538 46.336
3 16 24.507 -5.000 47.716 25.165 -5.000 46.454 25.685 -1.538 48.165
3 16 26.939 -1.538 46.336 27.270 -5.000 44.577 28.895 -1.538 45.303
3 16 26.104 -5.000 45.387 27.270 -5.000 44.577 26.939 -1.538 46.336
3 16 30.000 -1.538 45.168 28.895 -1.538 45.303 30.000 -5.000 43.900
3 16 31.406 -5.000 44.072 31.105 -1.538 45.303 30.000 -5.000 43.900
3 16 30.000 -1.538 45.168 30.000 -5.000 43.900 31.105 -1.538 45.303
3 16 31.406 -5.000 44.072 32.730 -5.000 44.577 31.105 -1.538 45.303
3 16 33.061 -1.538 46.336 31.105 -1.538 45.303 32.730 -5.000 44.577
3 16 33.896 -5.000 45.387 34.835 -5.000 46.454 33.061 -1.538 46.336
3 16 34.315 -1.538 48.165 33.061 -1.538 46.336 34.835 -5.000 46.454
3 16 35.493 -5.000 47.716 35.832 -5.000 49.100 34.315 -1.538 48.165
3 16 34.582 -1.538 50.372 34.315 -1.538 48.165 35.832 -5.000 49.100
3 16 35.832 -5.000 50.525 35.493 -5.000 51.909 34.582 -1.538 50.372
3 16 33.798 -1.538 52.451 34.582 -1.538 50.372 35.493 -5.000 51.909
3 16 34.835 -5.000 53.171 33.896 -5.000 54.238 33.798 -1.538 52.451
3 16 32.145 -1.538 53.925 33.798 -1.538 52.451 33.896 -5.000 54.238
3 16 32.730 -5.000 55.047 31.406 -5.000 55.553 32.145 -1.538 53.925
3 16 30.000 -1.538 54.457 32.145 -1.538 53.925 31.406 -5.000 55.553
3 16 30.000 -5.000 55.725 30.000 -1.538 54.457 31.406 -5.000 55.553
3 16 32.730 -5.000 55.047 32.145 -1.538 53.925 33.896 -5.000 54.238
3 16 34.835 -5.000 53.171 33.798 -1.538 52.451 35.493 -5.000 51.909
3 16 35.832 -5.000 50.525 34.582 -1.538 50.372 35.832 -5.000 49.100
3 16 35.493 -5.000 47.716 34.315 -1.538 48.165 34.835 -5.000 46.454
3 16 33.896 -5.000 45.387 33.061 -1.538 46.336 32.730 -5.000 44.577
3 16 28.594 -5.000 44.072 30.000 -5.000 43.900 28.895 -1.538 45.303
3 16 28.594 -5.000 44.072 28.895 -1.538 45.303 27.270 -5.000 44.577
3 16 26.104 -5.000 45.387 26.939 -1.538 46.336 25.165 -5.000 46.454
3 16 24.507 -5.000 47.716 25.685 -1.538 48.165 24.168 -5.000 49.100
3 16 24.168 -5.000 50.525 25.418 -1.538 50.372 24.507 -5.000 51.909
3 16 25.165 -5.000 53.171 26.202 -1.538 52.451 26.104 -5.000 54.238
3 16 27.270 -5.000 55.047 27.855 -1.538 53.925 28.594 -5.000 55.553
3 16 31.105 -1.538 45.303 33.061 -1.538 46.336 30.000 -1.538 49.812
3 16 34.315 -1.538 48.165 30.000 -1.538 49.812 33.061 -1.538 46.336
3 16 34.582 -1.538 50.372 30.000 -1.538 49.812 34.315 -1.538 48.165
3 16 33.798 -1.538 52.451 30.000 -1.538 49.812 34.582 -1.538 50.372
3 16 32.145 -1.538 53.925 30.000 -1.538 49.812 33.798 -1.538 52.451
3 16 30.000 -1.538 54.457 30.000 -1.538 49.812 32.145 -1.538 53.925
3 16 27.855 -1.538 53.925 30.000 -1.538 49.812 30.000 -1.538 54.457
3 16 26.202 -1.538 52.451 30.000 -1.538 49.812 27.855 -1.538 53.925
3 16 25.418 -1.538 50.372 30.000 -1.538 49.812 26.202 -1.538 52.451
3 16 25.685 -1.538 48.165 30.000 -1.538 49.812 25.418 -1.538 50.372
3 16 26.939 -1.538 46.336 30.000 -1.538 49.812 25.685 -1.538 48.165
3 16 28.895 -1.538 45.303 30.000 -1.538 49.812 26.939 -1.538 46.336
3 16 30.000 -1.538 45.168 30.000 -1.538 49.812 28.895 -1.538 45.303
3 16 31.105 -1.538 45.303 30.000 -1.538 49.812 30.000 -1.538 45.168
3 16 25.913 -8.846 67.780 25.418 -8.846 69.379 24.892 -10.000 67.240
3 16 24.231 -10.000 69.938 24.892 -10.000 67.240 25.418 -8.846 69.379
3 16 27.378 -8.846 66.116 26.202 -8.846 67.300 26.723 -10.000 65.161
3 16 24.892 -10.000 67.240 26.723 -10.000 65.161 26.202 -8.846 67.300
3 16 29.444 -8.846 65.328 27.855 -8.846 65.826 29.305 -10.000 64.175
3 16 26.723 -10.000 65.161 29.305 -10.000 64.175 27.855 -8.846 65.826
3 16 31.637 -8.846 65.596 30.000 -8.846 65.294 32.046 -10.000 64.510
3 16 29.305 -10.000 64.175 32.046 -10.000 64.510 30.000 -8.846 65.294
3 16 33.455 -8.846 66.859 32.145 -8.846 65.826 34.318 -10.000 66.089
3 16 32.046 -10.000 64.510 34.318 -10.000 66.089 32.145 -8.846 65.826
3 16 34.481 -8.846 68.827 33.798 -8.846 67.300 35.602 -10.000 68.549
3 16 34.318 -10.000 66.089 35.602 -10.000 68.549 33.798 -8.846 67.300
3 16 35.769 -10.000 69.938 34.582 -8.846 69.379 35.602 -10.000 68.549
3 16 34.615 -8.846 69.938 34.582 -8.846 69.379 35.769 -10.000 69.938
3 16 34.481 -8.846 71.050 34.615 -8.846 69.938 35.602 -10.000 71.328
3 16 35.769 -10.000 69.938 35.602 -10.000 71.328 34.615 -8.846 69.938
3 16 33.455 -8.846 73.018 34.315 -8.846 71.585 34.318 -10.000 73.788
3 16 35.602 -10.000 71.328 34.318 -10.000 73.788 34.315 -8.846 71.585
3 16 31.637 -8.846 74.281 33.061 -8.846 73.415 32.046 -10.000 75.367
3 16 34.318 -10.000 73.788 32.046 -10.000 75.367 33.061 -8.846 73.415
3 16 29.444 -8.846 74.549 31.105 -8.846 74.448 29.305 -10.000 75.702
3 16 32.046 -10.000 75.367 29.305 -10.000 75.702 31.105 -8.846 74.448
3 16 27.378 -8.846 73.761 28.895 -8.846 74.448 26.723 -10.000 74.716
3 16 29.305 -10.000 75.702 26.723 -10.000 74.716 28.895 -8.846 74.448
3 16 25.913 -8.846 72.097 26.939 -8.846 73.415 24.892 -10.000 72.637
3 16 26.723 -10.000 74.716 24.892 -10.000 72.637 26.939 -8.846 73.415
3 16 25.385 -8.846 69.938 25.685 -8.846 71.585 24.231 -10.000 69.938
3 16 24.892 -10.000 72.637 24.231 -10.000 69.938 25.685 -8.846 71.585
3 16 25.913 -8.846 72.097 24.892 -10.000 72.637 25.685 -8.846 71.585
3 16 27.378 -8.846 73.761 26.723 -10.000 74.716 26.939 -8.846 73.415
3 16 29.444 -8.846 74.549 29.305 -10.000 75.702 28.895 -8.846 74.448
3 16 31.637 -8.846 74.281 32.046 -10.000 75.367 31.105 -8.846 74.448
3 16 33.455 -8.846 73.018 34.318 -10.000 73.788 33.061 -8.846 73.415
3 16 34.481 -8.846 71.050 35.602 -10.000 71.328 34.315 -8.846 71.585
3 16 34.481 -8.846 68.827 35.602 -10.000 68.549 34.582 -8.846 69.379
3 16 33.455 -8.846 66.859 34.318 -10.000 66.089 33.798 -8.846 67.300
3 16 31.637 -8.846 65.596 32.046 -10.000 64.510 32.145 -8.846 65.826
3 16 29.444 -8.846 65.328 29.305 -10.000 64.175 30.000 -8.846 65.294
3 16 27.378 -8.846 66.116 26.723 -10.000 65.161 27.855 -8.846 65.826
3 16 25.913 -8.846 67.780 24.892 -10.000 67.240 26.202 -8.846 67.300
3 16 25.385 -8.846 69.938 24.231 -10.000 69.938 25.418 -8.846 69.379
3 16 30.000 -8.846 65.294 31.637 -8.846 65.596 30.000 -8.462 65.294
3 16 32.145 -8.462 65.826 30.000 -8.462 65.294 31.637 -8.846 65.596
3 16 32.145 -8.846 65.826 33.455 -8.846 66.859 32.145 -8.462 65.826
3 16 33.798 -8.462 67.300 32.145 -8.462 65.826 33.455 -8.846 66.859
3 16 33.798 -8.846 67.300 34.481 -8.846 68.827 33.798 -8.462 67.300
3 16 34.582 -8.462 69.379 33.798 -8.462 67.300 34.481 -8.846 68.827
3 16 34.615 -8.846 69.938 34.481 -8.846 71.050 34.582 -8.462 69.379
3 16 34.315 -8.462 71.585 34.582 -8.462 69.379 34.481 -8.846 71.050
3 16 34.582 -8.846 69.379 34.615 -8.846 69.938 34.582 -8.462 69.379
3 16 34.315 -8.846 71.585 33.455 -8.846 73.018 34.315 -8.462 71.585
3 16 33.061 -8.462 73.415 34.315 -8.462 71.585 33.455 -8.846 73.018
3 16 33.061 -8.846 73.415 31.637 -8.846 74.281 33.061 -8.462 73.415
3 16 31.105 -8.462 74.448 33.061 -8.462 73.415 31.637 -8.846 74.281
3 16 31.105 -8.846 74.448 29.444 -8.846 74.549 31.105 -8.462 74.448
3 16 28.895 -8.462 74.448 31.105 -8.462 74.448 29.444 -8.846 74.549
3 16 28.895 -8.846 74.448 27.378 -8.846 73.761 28.895 -8.462 74.448
3 16 26.939 -8.462 73.415 28.895 -8.462 74.448 27.378 -8.846 73.761
3 16 26.939 -8.846 73.415 25.913 -8.846 72.097 26.939 -8.462 73.415
3 16 25.685 -8.462 71.585 26.939 -8.462 73.415 25.913 -8.846 72.097
3 16 25.685 -8.846 71.585 25.385 -8.846 69.938 25.685 -8.462 71.585
3 16 25.418 -8.462 69.379 25.685 -8.462 71.585 25.385 -8.846 69.938
3 16 25.418 -8.846 69.379 25.913 -8.846 67.780 25.418 -8.462 69.379
3 16 26.202 -8.462 67.300 25.418 -8.462 69.379 25.913 -8.846 67.780
3 16 26.202 -8.846 67.300 27.378 -8.846 66.116 26.202 -8.462 67.300
3 16 27.855 -8.462 65.826 26.202 -8.462 67.300 27.378 -8.846 66.116
3 16 27.855 -8.846 65.826 29.444 -8.846 65.328 27.855 -8.462 65.826
3 16 30.000 -8.462 65.294 27.855 -8.462 65.826 29.444 -8.846 65.328
3 16 30.000 -8.846 65.294 30.000 -8.462 65.294 29.444 -8.846 65.328
3 16 27.855 -8.846 65.826 27.855 -8.462 65.826 27.378 -8.846 66.116
3 16 26.202 -8.846 67.300 26.202 -8.462 67.300 25.913 -8.846 67.780
3 16 25.418 -8.846 69.379 25.418 -8.462 69.379 25.385 -8.846 69.938
3 16 25.685 -8.846 71.585 25.685 -8.462 71.585 25.913 -8.846 72.097
3 16 26.939 -8.846 73.415 26.939 -8.462 73.415 27.378 -8.846 73.761
3 16 28.895 -8.846 74.448 28.895 -8.462 74.448 29.444 -8.846 74.549
3 16 31.105 -8.846 74.448 31.105 -8.462 74.448 31.637 -8.846 74.281
3 16 33.061 -8.846 73.415 33.061 -8.462 73.415 33.455 -8.846 73.018
3 16 34.315 -8.846 71.585 34.315 -8.462 71.585 34.481 -8.846 71.050
3 16 34.582 -8.846 69.379 34.582 -8.462 69.379 34.481 -8.846 68.827
3 16 33.798 -8.846 67.300 33.798 -8.462 67.300 33.455 -8.846 66.859
3 16 32.145 -8.846 65.826 32.145 -8.462 65.826 31.637 -8.846 65.596
3 16 30.000 -5.000 64.026 28.594 -5.000 64.198 30.000 -8.462 65.294
3 16 27.855 -8.462 65.826 30.000 -8.462 65.294 28.594 -5.000 64.198
3 16 27.270 -5.000 64.703 26.104 -5.000 65.513 27.855 -8.462 65.826
3 16 26.202 -8.462 67.300 27.855 -8.462 65.826 26.104 -5.000 65.513
3 16 25.165 -5.000 66.580 24.507 -5.000 67.842 26.202 -8.462 67.300
3 16 25.418 -8.462 69.379 26.202 -8.462 67.300 24.507 -5.000 67.842
3 16 24.168 -5.000 69.226 24.168 -5.000 70.651 25.418 -8.462 69.379
3 16 25.685 -8.462 71.585 25.418 -8.462 69.379 24.168 -5.000 70.651
3 16 24.507 -5.000 72.035 25.165 -5.000 73.297 25.685 -8.462 71.585
3 16 26.939 -8.462 73.415 25.685 -8.462 71.585 25.165 -5.000 73.297
3 16 26.104 -5.000 74.364 27.270 -5.000 75.174 26.939 -8.462 73.415
3 16 28.895 -8.462 74.448 26.939 -8.462 73.415 27.270 -5.000 75.174
3 16 28.594 -5.000 75.679 30.000 -5.000 75.851 28.895 -8.462 74.448
3 16 31.105 -8.462 74.448 28.895 -8.462 74.448 30.000 -5.000 75.851
3 16 31.406 -5.000 75.679 32.730 -5.000 75.174 31.105 -8.462 74.448
3 16 33.061 -8.462 73.415 31.105 -8.462 74.448 32.730 -5.000 75.174
3 16 33.896 -5.000 74.364 34.835 -5.000 73.297 33.061 -8.462 73.415
3 16 34.315 -8.462 71.585 33.061 -8.462 73.415 34.835 -5.000 73.297
3 16 35.493 -5.000 72.035 35.832 -5.000 70.651 34.315 -8.462 71.585
3 16 34.582 -8.462 69.379 34.315 -8.462 71.585 35.832 -5.000 70.651
3 16 35.832 -5.000 69.226 35.493 -5.000 67.842 34.582 -8.462 69.379
3 16 33.798 -8.462 67.300 34.582 -8.462 69.379 35.493 -5.000 67.842
3 16 34.835 -5.000 66.580 33.896 -5.000 65.513 33.798 -8.462 67.300
3 16 32.145 -8.462 65.826 33.798 -8.462 67.300 33.896 -5.000 65.513
3 16 32.730 -5.000 64.703 31.406 -5.000 64.198 32.145 -8.462 65.826
3 16 30.000 -8.462 65.294 32.145 -8.462 65.826 31.406 -5.000 64.198
3 16 30.000 -5.000 64.026 30.000 -8.462 65.294 31.406 -5.000 64.198
3 16 32.730 -5.000 64.703 32.145 -8.462 65.826 33.896 -5.000 65.513
3 16 34.835 -5.000 66.580 33.798 -8.462 67.300 35.493 -5.000 67.842
3 16 35.832 -5.000 69.226 34.582 -8.462 69.379 35.832 -5.000 70.651
3 16 35.493 -5.000 72.035 34.315 -8.462 71.585 34.835 -5.000 73.297
3 16 33.896 -5.000 74.364 33.061 -8.462 73.415 32.730 -5.000 75.174
3 16 31.406 -5.000 75.679 31.105 -8.462 74.448 30.000 -5.000 75.851
3 16 28.594 -5.000 75.679 28.895 -8.462 74.448 27.270 -5.000 75.174
3 16 26.104 -5.000 74.364 26.939 -8.462 73.415 25.165 -5.000 73.297
3 16 24.507 -5.000 72.035 25.685 -8.462 71.585 24.168 -5.000 70.651
3 16 24.168 -5.000 69.226 25.418 -8.462 69.379 24.507 -5.000 67.842
3 16 25.165 -5.000 66.580 26.202 -8.462 67.300 26.104 -5.000 65.513
3 16 27.270 -5.000 64.703 27.855 -8.462 65.826 28.594 -5.000 64.198
3 16 30.000 -5.000 75.851 28.594 -5.000 75.679 30.000 -1.538 74.583
3 16 27.855 -1.538 74.051 30.000 -1.538 74.583 28.594 -5.000 75.679
3 16 27.270 -5.000 75.174 26.104 -5.000 74.364 27.855 -1.538 74.051
3 16 26.202 -1.538 72.577 27.855 -1.538 74.051 26.104 -5.000 74.364
3 16 25.165 -5.000 73.297 24.507 -5.000 72.035 26.202 -1.538 72.577
3 16 25.418 -1.538 70.498 26.202 -1.538 72.577 24.507 -5.000 72.035
3 16 24.168 -5.000 70.651 24.168 -5.000 69.226 25.418 -1.538 70.498
3 16 25.685 -1.538 68.292 25.418 -1.538 70.498 24.168 -5.000 69.226
3 16 24.507 -5.000 67.842 25.165 -5.000 66.580 25.685 -1.538 68.292
3 16 26.939 -1.538 66.462 25.685 -1.538 68.292 25.165 -5.000 66.580
3 16 26.104 -5.000 65.513 27.270 -5.000 64.703 26.939 -1.538 66.462
3 16 28.895 -1.538 65.429 26.939 -1.538 66.462 27.270 -5.000 64.703
3 16 30.000 -1.538 65.294 28.895 -1.538 65.429 30.000 -5.000 64.026
3 16 31.406 -5.000 64.198 31.105 -1.538 65.429 30.000 -5.000 64.026
3 16 30.000 -1.538 65.294 30.000 -5.000 64.026 31.105 -1.538 65.429
3 16 31.406 -5.000 64.198 32.730 -5.000 64.703 31.105 -1.538 65.429
3 16 33.061 -1.538 66.462 31.105 -1.538 65.429 32.730 -5.000 64.703
3 16 33.896 -5.000 65.513 34.835 -5.000 66.580 33.061 -1.538 66.462
3 16 34.315 -1.538 68.292 33.061 -1.538 66.462 34.835 -5.000 66.580
3 16 35.493 -5.000 67.842 35.832 -5.000 69.226 34.315 -1.538 68.292
3 16 34.582 -1.538 70.498 34.315 -1.538 68.292 35.832 -5.000 69.226
3 16 35.832 -5.000 70.651 35.493 -5.000 72.035 34.582 -1.538 70.498
3 16 33.798 -1.538 72.577 34.582 -1.538 70.498 35.493 -5.000 72.035
3 16 34.835 -5.000 73.297 33.896 -5.000 74.364 33.798 -1.538 72.577
3 16 32.145 -1.538 74.051 33.798 -1.538 72.577 33.896 -5.000 74.364
3 16 32.730 -5.000 75.174 31.406 -5.000 75.679 32.145 -1.538 74.051
3 16 30.000 -1.538 74.583 32.145 -1.538 74.051 31.406 -5.000 75.679
3 16 30.000 -5.000 75.851 30.000 -1.538 74.583 31.406 -5.000 75.679
3 16 32.730 -5.000 75.174 32.145 -1.538 74.051 33.896 -5.000 74.364
3 16 34.835 -5.000 73.297 33.798 -1.538 72.577 35.493 -5.000 72.035
3 16 35.832 -5.000 70.651 34.582 -1.538 70.498 35.832 -5.000 69.226
3 16 35.493 -5.000 67.842 34.315 -1.538 68.292 34.835 -5.000 66.580
3 16 33.896 -5.000 65.513 33.061 -1.538 66.462 32.730 -5.000 64.703
3 16 28.594 -5.000 64.198 30.000 -5.000 64.026 28.895 -1.538 65.429
3 16 28.594 -5.000 64.198 28.895 -1.538 65.429 27.270 -5.000 64.703
3 16 26.104 -5.000 65.513 26.939 -1.538 66.462 25.165 -5.000 66.580
3 16 24.507 -5.000 67.842 25.685 -1.538 68.292 24.168 -5.000 69.226
3 16 24.168 -5.000 70.651 25.418 -1.538 70.498 24.507 -5.000 72.035
3 16 25.165 -5.000 73.297 26.202 -1.538 72.577 26.104 -5.000 74.364
3 16 27.270 -5.000 75.174 27.855 -1.538 74.051 28.594 -5.000 75.679
3 16 31.105 -1.538 65.429 33.061 -1.538 66.462 30.000 -1.538 69.938
3 16 34.315 -1.538 68.292 30.000 -1.538 69.938 33.061 -1.538 66.462
3 16 34.582 -1.538 70.498 30.000 -1.538 69.938 34.315 -1.538 68.292
3 16 33.798 -1.538 72.577 30.000 -1.538 69.938 34.582 -1.538 70.498
3 16 32.145 -1.538 74.051 30.000 -1.538 69.938 33.798 -1.538 72.577
3 16 30.000 -1.538 74.583 30.000 -1.538 69.938 32.145 -1.538 74.051
3 16 27.855 -1.538 74.051 30.000 -1.538 69.938 30.000 -1.538 74.583
3 16 26.202 -1.538 72.577 30.000 -1.538 69.938 27.855 -1.538 74.051
3 16 25.418 -1.538 70.498 30.000 -1.538 69.938 26.202 -1.538 72.577
3 16 25.685 -1.538 68.292 30.000 -1.538 69.938 25.418 -1.538 70.498
3 16 26.939 -1.538 66.462 30.000 -1.538 69.938 25.685 -1.538 68.292
3 16 28.895 -1.538 65.429 30.000 -1.538 69.938 26.939 -1.538 66.462
3 16 30.000 -1.538 65.294 30.000 -1.538 69.938 28.895 -1.538 65.429
3 16 31.105 -1.538 65.429 30.000 -1.538 69.938 30.000 -1.538 65.294
2 24 29.305 -10.000 75.702 32.046 -10.000 75.367
2 24 34.315 -1.538 48.165 34.582 -1.538 50.372
2 24 28.895 -8.846 74.448 29.444 -8.846 74.549
2 24 33.455 -8.846 66.859 33.798 -8.846 67.300
2 24 25.685 -1.538 68.292 26.939 -1.538 66.462
2 24 33.798 -1.538 72.577 34.582 -1.538 70.498
2 24 31.105 -1.538 5.051 33.061 -1.538 6.084
2 24 24.892 -10.000 72.637 26.723 -10.000 74.716
2 24 34.318 -10.000 33.536 35.602 -10.000 31.076
2 24 35.602 -10.000 10.949 35.769 -10.000 9.560
2 24 33.061 -1.538 6.084 34.315 -1.538 7.913
2 24 34.315 -1.538 7.913 34.582 -1.538 10.120
2 24 32.046 -10.000 64.510 34.318 -10.000 66.089
2 24 34.796 0.000 75.991 36.931 0.000 73.297
2 24 33.061 -1.538 66.462 34.315 -1.538 68.292
2 24 32.145 -1.538 74.051 33.798 -1.538 72.577
2 24 33.798 -1.538 12.198 34.582 -1.538 10.120
2 24 25.913 -8.846 47.654 26.202 -8.846 47.174
2 24 29.305 -10.000 35.449 32.046 -10.000 35.115
2 24 28.895 -1.538 45.303 30.000 -1.538 45.168
2 24 26.939 -1.538 6.084 28.895 -1.538 5.051
2 24 33.455 -8.846 26.606 33.798 -8.846 27.048
2 24 32.145 -1.538 13.673 33.798 -1.538 12.198
2 24 27.378 -8.846 45.990 27.855 -8.846 45.700
2 24 24.892 -10.000 67.240 26.723 -10.000 65.161
2 24 34.615 -8.846 29.686 34.582 -8.846 29.126
2 24 25.685 -1.538 28.039 26.939 -1.538 26.210
2 24 30.000 -1.538 14.205 32.145 -1.538 13.673
2 24 29.305 -10.000 15.323 32.046 -10.000 14.988
2 24 28.895 -1.538 25.177 30.000 -1.538 25.042
2 24 23.069 -10.000 6.201 25.204 -10.000 3.508
2 24 25.418 -1.538 30.246 25.685 -1.538 28.039
2 24 27.855 -1.538 13.673 30.000 -1.538 14.205
2 24 29.305 -10.000 3.797 32.046 -10.000 4.132
2 24 27.378 -8.846 5.738 27.855 -8.846 5.448
2 24 34.318 -10.000 25.836 35.602 -10.000 28.297
2 24 26.202 -1.538 12.198 27.855 -1.538 13.673
2 24 25.418 -1.538 10.120 26.202 -1.538 12.198
2 24 33.455 -8.846 46.732 33.798 -8.846 47.174
2 24 31.712 -10.000 2.013 34.796 -10.000 3.508
2 24 25.418 -1.538 10.120 25.685 -1.538 7.913
2 24 24.231 -10.000 49.812 24.892 -10.000 52.510
2 24 34.315 -8.846 31.333 34.481 -8.846 30.798
2 24 25.913 -8.846 27.528 26.202 -8.846 27.048
2 24 26.939 -8.846 13.037 27.378 -8.846 13.382
2 24 25.685 -1.538 7.913 26.939 -1.538 6.084
2 24 24.892 -10.000 6.862 26.723 -10.000 4.782
2 24 35.602 -10.000 71.328 35.769 -10.000 69.938
2 24 25.204 -10.000 75.991 28.288 -10.000 77.485
2 24 23.069 0.000 73.297 25.204 0.000 75.991
2 24 33.798 -1.538 32.325 34.582 -1.538 30.246
2 24 26.939 -8.846 73.415 27.378 -8.846 73.761
2 24 34.481 -8.846 68.827 34.582 -8.846 69.379
2 24 25.913 -8.846 67.780 26.202 -8.846 67.300
2 24 32.046 -10.000 14.988 34.318 -10.000 13.410
2 24 29.444 -8.846 65.328 30.000 -8.846 65.294
2 24 28.895 -1.538 5.051 30.000 -1.538 4.916
2 24 30.000 -1.538 4.916 31.105 -1.538 5.051
2 24 36.931 -10.000 6.201 37.692 -10.000 9.560
2 24 30.000 -1.538 74.583 32.145 -1.538 74.051
2 24 25.685 -8.846 71.585 25.913 -8.846 72.097
2 24 25.385 -8.846 69.938 25.418 -8.846 69.379
2 24 22.308 -10.000 9.560 23.069 -10.000 6.201
2 24 28.895 -8.846 54.322 29.444 -8.846 54.423
2 24 26.939 -8.846 53.289 27.378 -8.846 53.635
2 24 36.931 -10.000 73.297 37.692 -10.000 69.938
2 24 24.892 -10.000 26.988 26.723 -10.000 24.908
2 24 34.315 -8.846 71.585 34.481 -8.846 71.050
2 24 34.318 -10.000 13.410 35.602 -10.000 10.949
2 24 23.069 -10.000 73.297 25.204 -10.000 75.991
2 24 22.308 0.000 9.560 23.069 0.000 6.201
2 24 25.385 -8.846 49.812 25.418 -8.846 49.253
2 24 24.892 -10.000 32.384 26.723 -10.000 34.464
2 24 26.202 -1.538 52.451 27.855 -1.538 53.925
2 24 30.000 -1.538 65.294 31.105 -1.538 65.429
2 24 33.455 -8.846 6.480 33.798 -8.846 6.922
2 24 34.796 0.000 3.508 36.931 0.000 6.201
2 24 28.288 0.000 2.013 31.712 0.000 2.013
2 24 28.895 -8.846 14.070 29.444 -8.846 14.171
2 24 30.000 -1.538 25.042 31.105 -1.538 25.177
2 24 31.105 -1.538 25.177 33.061 -1.538 26.210
2 24 29.444 -8.846 4.949 30.000 -8.846 4.916
2 24 26.723 -10.000 14.338 29.305 -10.000 15.323
2 24 32.046 -10.000 44.384 34.318 -10.000 45.963
2 24 26.723 -10.000 24.908 29.305 -10.000 23.923
2 24 25.685 -8.846 11.207 25.913 -8.846 11.718
2 24 27.378 -8.846 25.864 27.855 -8.846 25.574
2 24 31.105 -8.846 54.322 31.637 -8.846 54.155
2 24 31.105 -1.538 65.429 33.061 -1.538 66.462
2 24 27.855 -1.538 33.799 30.000 -1.538 34.331
2 24 22.308 0.000 69.938 23.069 0.000 73.297
2 24 26.202 -1.538 32.325 27.855 -1.538 33.799
2 24 30.000 -1.538 45.168 31.105 -1.538 45.303
2 24 31.105 -8.846 14.070 31.637 -8.846 13.903
2 24 29.305 -10.000 23.923 32.046 -10.000 24.258
2 24 34.796 -10.000 3.508 36.931 -10.000 6.201
2 24 30.000 -1.538 34.331 32.145 -1.538 33.799
2 24 33.061 -8.846 13.037 33.455 -8.846 12.640
2 24 33.061 -8.846 33.163 33.455 -8.846 32.766
2 24 33.061 -8.846 53.289 33.455 -8.846 52.892
2 24 25.685 -1.538 48.165 26.939 -1.538 46.336
2 24 33.061 -8.846 73.415 33.455 -8.846 73.018
2 24 34.315 -1.538 68.292 34.582 -1.538 70.498
2 24 23.069 0.000 6.201 25.204 0.000 3.508
2 24 36.931 0.000 6.201 37.692 0.000 9.560
2 24 24.231 -10.000 9.560 24.892 -10.000 6.862
2 24 33.061 -1.538 26.210 34.315 -1.538 28.039
2 24 28.288 -10.000 77.485 31.712 -10.000 77.485
2 24 32.046 -10.000 75.367 34.318 -10.000 73.788
2 24 40.000 -7.692 69.938 40.000 -7.692 9.560
2 24 26.202 -1.538 72.577 27.855 -1.538 74.051
2 24 26.939 -1.538 66.462 28.895 -1.538 65.429
2 24 31.637 -8.846 25.344 32.145 -8.846 25.574
2 24 26.723 -10.000 4.782 29.305 -10.000 3.797
2 24 31.105 -1.538 45.303 33.061 -1.538 46.336
2 24 34.615 -8.846 9.560 34.582 -8.846 9.000
2 24 24.231 -10.000 9.560 24.892 -10.000 12.258
2 24 35.602 -10.000 28.297 35.769 -10.000 29.686
2 24 33.798 -1.538 52.451 34.582 -1.538 50.372
2 24 28.895 -8.846 34.196 29.444 -8.846 34.297
2 24 26.723 -10.000 45.034 29.305 -10.000 44.049
2 24 32.046 -10.000 24.258 34.318 -10.000 25.836
2 24 35.602 -10.000 8.171 35.769 -10.000 9.560
2 24 31.712 -10.000 77.485 34.796 -10.000 75.991
2 24 25.418 -1.538 50.372 26.202 -1.538 52.451
2 24 34.481 -8.846 8.449 34.582 -8.846 9.000
2 24 40.000 -2.308 69.938 40.000 -2.308 9.560
2 24 37.692 0.000 69.938 37.692 0.000 9.560
2 24 27.378 -8.846 66.116 27.855 -8.846 65.826
2 24 36.931 0.000 73.297 37.692 0.000 69.938
2 24 34.315 -1.538 28.039 34.582 -1.538 30.246
2 24 35.602 -10.000 51.202 35.769 -10.000 49.812
2 24 25.418 -1.538 70.498 26.202 -1.538 72.577
2 24 34.318 -10.000 53.662 35.602 -10.000 51.202
2 24 25.418 -1.538 50.372 25.685 -1.538 48.165
2 24 31.105 -8.846 34.196 31.637 -8.846 34.029
2 24 22.308 0.000 69.938 22.308 0.000 9.560
2 24 34.315 -8.846 51.459 34.481 -8.846 50.924
2 24 34.318 -10.000 5.710 35.602 -10.000 8.171
2 24 29.305 -10.000 44.049 32.046 -10.000 44.384
2 24 29.444 -8.846 25.076 30.000 -8.846 25.042
2 24 30.000 -1.538 54.457 32.145 -1.538 53.925
2 24 25.913 -8.846 7.402 26.202 -8.846 6.922
2 24 34.315 -8.846 11.207 34.481 -8.846 10.672
2 24 25.385 -8.846 29.686 25.418 -8.846 29.126
2 24 33.061 -1.538 46.336 34.315 -1.538 48.165
2 24 24.892 -10.000 52.510 26.723 -10.000 54.590
2 24 25.685 -8.846 31.333 25.913 -8.846 31.845
2 24 35.602 -10.000 48.423 35.769 -10.000 49.812
2 24 34.318 -10.000 73.788 35.602 -10.000 71.328
2 24 34.615 -8.846 49.812 34.582 -8.846 49.253
2 24 31.637 -8.846 5.217 32.145 -8.846 5.448
2 24 27.855 -1.538 53.925 30.000 -1.538 54.457
2 24 29.444 -8.846 45.202 30.000 -8.846 45.168
2 24 34.318 -10.000 45.963 35.602 -10.000 48.423
2 24 31.712 0.000 77.485 34.796 0.000 75.991
2 24 31.637 -8.846 65.596 32.145 -8.846 65.826
2 24 26.939 -1.538 26.210 28.895 -1.538 25.177
2 24 26.723 -10.000 34.464 29.305 -10.000 35.449
2 24 34.796 -10.000 75.991 36.931 -10.000 73.297
2 24 26.723 -10.000 74.716 29.305 -10.000 75.702
2 24 34.481 -8.846 48.701 34.582 -8.846 49.253
2 24 25.204 -10.000 3.508 28.288 -10.000 2.013
2 24 24.231 -10.000 69.938 24.892 -10.000 67.240
2 24 20.000 -2.308 69.938 20.000 -2.308 9.560
2 24 29.305 -10.000 55.576 32.046 -10.000 55.241
2 24 28.895 -1.538 65.429 30.000 -1.538 65.294
2 24 24.231 -10.000 29.686 24.892 -10.000 26.988
2 24 24.892 -10.000 47.114 26.723 -10.000 45.034
2 24 37.692 -10.000 69.938 37.692 -10.000 9.560
2 24 25.685 -8.846 51.459 25.913 -8.846 51.971
2 24 26.723 -10.000 54.590 29.305 -10.000 55.576
2 24 26.939 -1.538 46.336 28.895 -1.538 45.303
2 24 34.481 -8.846 28.575 34.582 -8.846 29.126
2 24 35.602 -10.000 68.549 35.769 -10.000 69.938
2 24 25.418 -1.538 70.498 25.685 -1.538 68.292
2 24 25.385 -8.846 9.560 25.418 -8.846 9.000
2 24 24.231 -10.000 49.812 24.892 -10.000 47.114
2 24 28.288 -10.000 2.013 31.712 -10.000 2.013
2 24 32.046 -10.000 4.132 34.318 -10.000 5.710
2 24 34.615 -8.846 69.938 34.582 -8.846 69.379
2 24 24.892 -10.000 12.258 26.723 -10.000 14.338
2 24 26.939 -8.846 33.163 27.378 -8.846 33.509
2 24 22.308 -10.000 69.938 23.069 -10.000 73.297
2 24 22.308 -10.000 69.938 22.308 -10.000 9.560
2 24 20.000 -7.692 69.938 20.000 -7.692 9.560
2 24 31.637 -8.846 45.470 32.145 -8.846 45.700
2 24 25.204 0.000 75.991 28.288 0.000 77.485
2 24 24.231 -10.000 69.938 24.892 -10.000 72.637
2 24 24.231 -10.000 29.686 24.892 -10.000 32.384
2 24 32.046 -10.000 55.241 34.318 -10.000 53.662
2 24 31.105 -8.846 74.448 31.637 -8.846 74.281
2 24 26.723 -10.000 65.161 29.305 -10.000 64.175
2 24 32.046 -10.000 35.115 34.318 -10.000 33.536
2 24 32.145 -1.538 53.925 33.798 -1.538 52.451
2 24 29.305 -10.000 64.175 32.046 -10.000 64.510
2 24 27.855 -1.538 74.051 30.000 -1.538 74.583
2 24 28.288 0.000 77.485 31.712 0.000 77.485
2 24 25.418 -1.538 30.246 26.202 -1.538 32.325
2 24 32.145 -1.538 33.799 33.798 -1.538 32.325
2 24 31.712 0.000 2.013 34.796 0.000 3.508
2 24 25.204 0.000 3.508 28.288 0.000 2.013
