0 FILE mC3915FAB_2024718_024222.dat
0 bem
0 Name:  mC3915FAB_2024718_024222.dat
0 Author:  
0 BFC CERTIFY CCW
3 16 -34.917 0.000 32.592 -33.933 -1.154 32.060 -35.553 0.000 29.930
3 16 -33.154 0.000 34.645 -32.523 -1.154 33.702 -34.917 0.000 32.592
3 16 -30.669 0.000 35.617 -30.535 -1.154 34.480 -33.154 0.000 34.645
3 16 -28.031 0.000 35.287 -28.425 -1.154 34.215 -30.669 0.000 35.617
3 16 -25.844 0.000 33.729 -26.675 -1.154 32.969 -28.031 0.000 35.287
3 16 -24.609 0.000 31.301 -25.687 -1.154 31.027 -25.844 0.000 33.729
3 16 -24.609 0.000 28.559 -25.687 -1.154 28.833 -24.609 0.000 31.301
3 16 -25.844 0.000 26.131 -26.675 -1.154 26.891 -24.609 0.000 28.559
3 16 -28.031 0.000 24.573 -28.425 -1.154 25.645 -25.844 0.000 26.131
3 16 -30.669 0.000 24.243 -30.535 -1.154 25.380 -28.031 0.000 24.573
3 16 -33.154 0.000 25.215 -32.523 -1.154 26.158 -30.669 0.000 24.243
3 16 -34.917 0.000 27.268 -33.933 -1.154 27.800 -33.154 0.000 25.215
3 16 -35.553 0.000 29.930 -34.442 -1.154 29.930 -34.917 0.000 27.268
3 16 -33.933 -1.154 27.800 -34.917 0.000 27.268 -34.442 -1.154 29.930
3 16 -32.523 -1.154 26.158 -33.154 0.000 25.215 -33.933 -1.154 27.800
3 16 -30.535 -1.154 25.380 -30.669 0.000 24.243 -32.523 -1.154 26.158
3 16 -28.425 -1.154 25.645 -28.031 0.000 24.573 -30.535 -1.154 25.380
3 16 -26.675 -1.154 26.891 -25.844 0.000 26.131 -28.425 -1.154 25.645
3 16 -25.687 -1.154 28.833 -24.609 0.000 28.559 -26.675 -1.154 26.891
3 16 -25.687 -1.154 31.027 -24.609 0.000 31.301 -25.687 -1.154 28.833
3 16 -26.675 -1.154 32.969 -25.844 0.000 33.729 -25.687 -1.154 31.027
3 16 -28.425 -1.154 34.215 -28.031 0.000 35.287 -26.675 -1.154 32.969
3 16 -30.535 -1.154 34.480 -30.669 0.000 35.617 -28.425 -1.154 34.215
3 16 -32.523 -1.154 33.702 -33.154 0.000 34.645 -30.535 -1.154 34.480
3 16 -33.933 -1.154 32.060 -34.917 0.000 32.592 -32.523 -1.154 33.702
3 16 -34.442 -1.154 29.930 -35.553 0.000 29.930 -33.933 -1.154 32.060
3 16 -34.442 -1.154 29.930 -34.442 -1.538 29.930 -33.933 -1.154 27.800
3 16 -33.933 -1.154 27.800 -33.933 -1.538 27.800 -32.523 -1.154 26.158
3 16 -32.523 -1.154 26.158 -32.523 -1.538 26.158 -30.535 -1.154 25.380
3 16 -30.535 -1.154 25.380 -30.535 -1.538 25.380 -28.425 -1.154 25.645
3 16 -28.425 -1.154 25.645 -28.425 -1.538 25.645 -26.675 -1.154 26.891
3 16 -26.675 -1.154 26.891 -26.675 -1.538 26.891 -25.687 -1.154 28.833
3 16 -25.687 -1.154 28.833 -25.558 -1.538 29.930 -25.687 -1.154 31.027
3 16 -25.687 -1.538 28.833 -25.558 -1.538 29.930 -25.687 -1.154 28.833
3 16 -25.687 -1.154 31.027 -25.687 -1.538 31.027 -26.675 -1.154 32.969
3 16 -26.675 -1.154 32.969 -26.675 -1.538 32.969 -28.425 -1.154 34.215
3 16 -28.425 -1.154 34.215 -28.425 -1.538 34.215 -30.535 -1.154 34.480
3 16 -30.535 -1.154 34.480 -30.535 -1.538 34.480 -32.523 -1.154 33.702
3 16 -32.523 -1.154 33.702 -32.523 -1.538 33.702 -33.933 -1.154 32.060
3 16 -33.933 -1.154 32.060 -33.933 -1.538 32.060 -34.442 -1.154 29.930
3 16 -34.442 -1.538 29.930 -34.442 -1.154 29.930 -33.933 -1.538 32.060
3 16 -33.933 -1.538 32.060 -33.933 -1.154 32.060 -32.523 -1.538 33.702
3 16 -32.523 -1.538 33.702 -32.523 -1.154 33.702 -30.535 -1.538 34.480
3 16 -30.535 -1.538 34.480 -30.535 -1.154 34.480 -28.425 -1.538 34.215
3 16 -28.425 -1.538 34.215 -28.425 -1.154 34.215 -26.675 -1.538 32.969
3 16 -26.675 -1.538 32.969 -26.675 -1.154 32.969 -25.687 -1.538 31.027
3 16 -25.687 -1.538 31.027 -25.687 -1.154 31.027 -25.558 -1.538 29.930
3 16 -25.687 -1.538 28.833 -25.687 -1.154 28.833 -26.675 -1.538 26.891
3 16 -26.675 -1.538 26.891 -26.675 -1.154 26.891 -28.425 -1.538 25.645
3 16 -28.425 -1.538 25.645 -28.425 -1.154 25.645 -30.535 -1.538 25.380
3 16 -30.535 -1.538 25.380 -30.535 -1.154 25.380 -32.523 -1.538 26.158
3 16 -32.523 -1.538 26.158 -32.523 -1.154 26.158 -33.933 -1.538 27.800
3 16 -33.933 -1.538 27.800 -33.933 -1.154 27.800 -34.442 -1.538 29.930
3 16 -24.510 -5.000 31.326 -25.687 -1.538 31.027 -24.345 -5.000 29.930
3 16 -25.767 -5.000 33.799 -26.675 -1.538 32.969 -24.510 -5.000 31.326
3 16 -27.995 -5.000 35.385 -28.425 -1.538 34.215 -25.767 -5.000 33.799
3 16 -30.682 -5.000 35.722 -30.535 -1.538 34.480 -27.995 -5.000 35.385
3 16 -33.212 -5.000 34.731 -32.523 -1.538 33.702 -30.682 -5.000 35.722
3 16 -35.007 -5.000 32.641 -33.933 -1.538 32.060 -33.212 -5.000 34.731
3 16 -35.655 -5.000 29.930 -34.442 -1.538 29.930 -35.007 -5.000 32.641
3 16 -35.007 -5.000 27.219 -33.933 -1.538 27.800 -35.655 -5.000 29.930
3 16 -33.212 -5.000 25.129 -32.523 -1.538 26.158 -35.007 -5.000 27.219
3 16 -30.682 -5.000 24.138 -30.535 -1.538 25.380 -33.212 -5.000 25.129
3 16 -27.995 -5.000 24.475 -28.425 -1.538 25.645 -30.682 -5.000 24.138
3 16 -25.767 -5.000 26.061 -26.675 -1.538 26.891 -27.995 -5.000 24.475
3 16 -24.510 -5.000 28.534 -25.687 -1.538 28.833 -25.767 -5.000 26.061
3 16 -24.345 -5.000 29.930 -25.558 -1.538 29.930 -24.510 -5.000 28.534
3 16 -25.687 -1.538 28.833 -24.510 -5.000 28.534 -25.558 -1.538 29.930
3 16 -26.675 -1.538 26.891 -25.767 -5.000 26.061 -25.687 -1.538 28.833
3 16 -28.425 -1.538 25.645 -27.995 -5.000 24.475 -26.675 -1.538 26.891
3 16 -30.535 -1.538 25.380 -30.682 -5.000 24.138 -28.425 -1.538 25.645
3 16 -32.523 -1.538 26.158 -33.212 -5.000 25.129 -30.535 -1.538 25.380
3 16 -33.933 -1.538 27.800 -35.007 -5.000 27.219 -32.523 -1.538 26.158
3 16 -34.442 -1.538 29.930 -35.655 -5.000 29.930 -33.933 -1.538 27.800
3 16 -33.933 -1.538 32.060 -35.007 -5.000 32.641 -34.442 -1.538 29.930
3 16 -32.523 -1.538 33.702 -33.212 -5.000 34.731 -33.933 -1.538 32.060
3 16 -30.535 -1.538 34.480 -30.682 -5.000 35.722 -32.523 -1.538 33.702
3 16 -28.425 -1.538 34.215 -27.995 -5.000 35.385 -30.535 -1.538 34.480
3 16 -26.675 -1.538 32.969 -25.767 -5.000 33.799 -28.425 -1.538 34.215
3 16 -25.687 -1.538 31.027 -24.510 -5.000 31.326 -26.675 -1.538 32.969
3 16 -25.558 -1.538 29.930 -24.345 -5.000 29.930 -25.687 -1.538 31.027
3 16 -35.007 -5.000 32.641 -33.933 -8.462 32.060 -35.655 -5.000 29.930
3 16 -33.212 -5.000 34.731 -32.523 -8.462 33.702 -35.007 -5.000 32.641
3 16 -30.682 -5.000 35.722 -30.535 -8.462 34.480 -33.212 -5.000 34.731
3 16 -27.995 -5.000 35.385 -28.425 -8.462 34.215 -30.682 -5.000 35.722
3 16 -25.767 -5.000 33.799 -26.675 -8.462 32.969 -27.995 -5.000 35.385
3 16 -24.510 -5.000 31.326 -25.687 -8.462 31.027 -25.767 -5.000 33.799
3 16 -24.510 -5.000 31.326 -24.345 -5.000 29.930 -25.687 -8.462 31.027
3 16 -25.687 -8.462 28.833 -25.687 -8.462 31.027 -24.345 -5.000 29.930
3 16 -25.767 -5.000 26.061 -26.675 -8.462 26.891 -24.510 -5.000 28.534
3 16 -27.995 -5.000 24.475 -28.425 -8.462 25.645 -25.767 -5.000 26.061
3 16 -30.682 -5.000 24.138 -30.535 -8.462 25.380 -27.995 -5.000 24.475
3 16 -33.212 -5.000 25.129 -32.523 -8.462 26.158 -30.682 -5.000 24.138
3 16 -35.007 -5.000 27.219 -33.933 -8.462 27.800 -33.212 -5.000 25.129
3 16 -35.655 -5.000 29.930 -34.442 -8.462 29.930 -35.007 -5.000 27.219
3 16 -33.933 -8.462 27.800 -35.007 -5.000 27.219 -34.442 -8.462 29.930
3 16 -32.523 -8.462 26.158 -33.212 -5.000 25.129 -33.933 -8.462 27.800
3 16 -30.535 -8.462 25.380 -30.682 -5.000 24.138 -32.523 -8.462 26.158
3 16 -28.425 -8.462 25.645 -27.995 -5.000 24.475 -30.535 -8.462 25.380
3 16 -26.675 -8.462 26.891 -25.767 -5.000 26.061 -28.425 -8.462 25.645
3 16 -25.687 -8.462 28.833 -24.510 -5.000 28.534 -26.675 -8.462 26.891
3 16 -24.510 -5.000 28.534 -25.687 -8.462 28.833 -24.345 -5.000 29.930
3 16 -26.675 -8.462 32.969 -25.767 -5.000 33.799 -25.687 -8.462 31.027
3 16 -28.425 -8.462 34.215 -27.995 -5.000 35.385 -26.675 -8.462 32.969
3 16 -30.535 -8.462 34.480 -30.682 -5.000 35.722 -28.425 -8.462 34.215
3 16 -32.523 -8.462 33.702 -33.212 -5.000 34.731 -30.535 -8.462 34.480
3 16 -33.933 -8.462 32.060 -35.007 -5.000 32.641 -32.523 -8.462 33.702
3 16 -34.442 -8.462 29.930 -35.655 -5.000 29.930 -33.933 -8.462 32.060
3 16 -34.442 -8.462 29.930 -34.442 -8.846 29.930 -33.933 -8.462 27.800
3 16 -33.933 -8.462 27.800 -33.933 -8.846 27.800 -32.523 -8.462 26.158
3 16 -32.523 -8.462 26.158 -32.523 -8.846 26.158 -30.535 -8.462 25.380
3 16 -30.535 -8.462 25.380 -30.535 -8.846 25.380 -28.425 -8.462 25.645
3 16 -28.425 -8.462 25.645 -28.425 -8.846 25.645 -26.675 -8.462 26.891
3 16 -26.675 -8.462 26.891 -26.675 -8.846 26.891 -25.687 -8.462 28.833
3 16 -25.687 -8.462 28.833 -25.558 -8.846 29.930 -25.687 -8.462 31.027
3 16 -25.687 -8.846 28.833 -25.558 -8.846 29.930 -25.687 -8.462 28.833
3 16 -25.687 -8.462 31.027 -25.687 -8.846 31.027 -26.675 -8.462 32.969
3 16 -26.675 -8.462 32.969 -26.675 -8.846 32.969 -28.425 -8.462 34.215
3 16 -28.425 -8.462 34.215 -28.425 -8.846 34.215 -30.535 -8.462 34.480
3 16 -30.535 -8.462 34.480 -30.535 -8.846 34.480 -32.523 -8.462 33.702
3 16 -32.523 -8.462 33.702 -32.523 -8.846 33.702 -33.933 -8.462 32.060
3 16 -33.933 -8.462 32.060 -33.933 -8.846 32.060 -34.442 -8.462 29.930
3 16 -34.442 -8.846 29.930 -34.442 -8.462 29.930 -33.933 -8.846 32.060
3 16 -33.933 -8.846 32.060 -33.933 -8.462 32.060 -32.523 -8.846 33.702
3 16 -32.523 -8.846 33.702 -32.523 -8.462 33.702 -30.535 -8.846 34.480
3 16 -30.535 -8.846 34.480 -30.535 -8.462 34.480 -28.425 -8.846 34.215
3 16 -28.425 -8.846 34.215 -28.425 -8.462 34.215 -26.675 -8.846 32.969
3 16 -26.675 -8.846 32.969 -26.675 -8.462 32.969 -25.687 -8.846 31.027
3 16 -25.687 -8.846 31.027 -25.687 -8.462 31.027 -25.558 -8.846 29.930
3 16 -25.687 -8.846 28.833 -25.687 -8.462 28.833 -26.675 -8.846 26.891
3 16 -26.675 -8.846 26.891 -26.675 -8.462 26.891 -28.425 -8.846 25.645
3 16 -28.425 -8.846 25.645 -28.425 -8.462 25.645 -30.535 -8.846 25.380
3 16 -30.535 -8.846 25.380 -30.535 -8.462 25.380 -32.523 -8.846 26.158
3 16 -32.523 -8.846 26.158 -32.523 -8.462 26.158 -33.933 -8.846 27.800
3 16 -33.933 -8.846 27.800 -33.933 -8.462 27.800 -34.442 -8.846 29.930
3 16 -24.609 -10.000 31.301 -25.687 -8.846 31.027 -24.447 -10.000 29.930
3 16 -25.844 -10.000 33.729 -26.675 -8.846 32.969 -24.609 -10.000 31.301
3 16 -28.031 -10.000 35.287 -28.425 -8.846 34.215 -25.844 -10.000 33.729
3 16 -30.669 -10.000 35.617 -30.535 -8.846 34.480 -28.031 -10.000 35.287
3 16 -33.154 -10.000 34.645 -32.523 -8.846 33.702 -30.669 -10.000 35.617
3 16 -34.917 -10.000 32.592 -33.933 -8.846 32.060 -33.154 -10.000 34.645
3 16 -35.553 -10.000 29.930 -34.442 -8.846 29.930 -34.917 -10.000 32.592
3 16 -34.917 -10.000 27.268 -33.933 -8.846 27.800 -35.553 -10.000 29.930
3 16 -33.154 -10.000 25.215 -32.523 -8.846 26.158 -34.917 -10.000 27.268
3 16 -30.669 -10.000 24.243 -30.535 -8.846 25.380 -33.154 -10.000 25.215
3 16 -28.031 -10.000 24.573 -28.425 -8.846 25.645 -30.669 -10.000 24.243
3 16 -25.844 -10.000 26.131 -26.675 -8.846 26.891 -28.031 -10.000 24.573
3 16 -24.609 -10.000 28.559 -25.687 -8.846 28.833 -25.844 -10.000 26.131
3 16 -24.447 -10.000 29.930 -25.558 -8.846 29.930 -24.609 -10.000 28.559
3 16 -25.687 -8.846 28.833 -24.609 -10.000 28.559 -25.558 -8.846 29.930
3 16 -26.675 -8.846 26.891 -25.844 -10.000 26.131 -25.687 -8.846 28.833
3 16 -28.425 -8.846 25.645 -28.031 -10.000 24.573 -26.675 -8.846 26.891
3 16 -30.535 -8.846 25.380 -30.669 -10.000 24.243 -28.425 -8.846 25.645
3 16 -32.523 -8.846 26.158 -33.154 -10.000 25.215 -30.535 -8.846 25.380
3 16 -33.933 -8.846 27.800 -34.917 -10.000 27.268 -32.523 -8.846 26.158
3 16 -34.442 -8.846 29.930 -35.553 -10.000 29.930 -33.933 -8.846 27.800
3 16 -33.933 -8.846 32.060 -34.917 -10.000 32.592 -34.442 -8.846 29.930
3 16 -32.523 -8.846 33.702 -33.154 -10.000 34.645 -33.933 -8.846 32.060
3 16 -30.535 -8.846 34.480 -30.669 -10.000 35.617 -32.523 -8.846 33.702
3 16 -28.425 -8.846 34.215 -28.031 -10.000 35.287 -30.535 -8.846 34.480
3 16 -26.675 -8.846 32.969 -25.844 -10.000 33.729 -28.425 -8.846 34.215
3 16 -25.687 -8.846 31.027 -24.609 -10.000 31.301 -26.675 -8.846 32.969
3 16 -25.558 -8.846 29.930 -24.447 -10.000 29.930 -25.687 -8.846 31.027
3 16 -37.403 -10.000 10.070 -34.917 -10.000 12.732 -33.154 -10.000 25.215
3 16 -34.917 -10.000 7.408 -35.553 -10.000 10.070 -36.670 -10.000 6.756
3 16 -33.154 -10.000 5.355 -34.917 -10.000 7.408 -34.616 -10.000 4.098
3 16 -25.844 -10.000 26.131 -28.031 -10.000 24.573 -28.031 -10.000 15.427
3 16 -35.553 -10.000 10.070 -34.917 -10.000 12.732 -37.403 -10.000 10.070
3 16 -36.670 -10.000 6.756 -34.616 -10.000 4.098 -34.917 -10.000 7.408
3 16 -30.669 -10.000 4.383 -33.154 -10.000 5.355 -31.647 -10.000 2.623
3 16 -28.031 -10.000 4.713 -30.669 -10.000 4.383 -28.353 -10.000 2.623
3 16 -25.844 -10.000 6.271 -28.031 -10.000 4.713 -25.384 -10.000 4.098
3 16 -24.609 -10.000 8.699 -25.844 -10.000 6.271 -23.330 -10.000 6.756
3 16 -24.447 -10.000 10.070 -24.609 -10.000 8.699 -22.597 -10.000 10.070
3 16 -33.154 -10.000 14.785 -30.669 -10.000 15.757 -28.031 -10.000 24.573
3 16 -24.609 -10.000 28.559 -25.844 -10.000 26.131 -22.597 -10.000 29.930
3 16 -36.670 -10.000 33.244 -34.917 -10.000 32.592 -34.616 -10.000 35.902
3 16 -37.403 -10.000 29.930 -35.553 -10.000 29.930 -36.670 -10.000 33.244
3 16 -37.403 -10.000 10.070 -34.917 -10.000 27.268 -37.403 -10.000 29.930
3 16 -28.031 -10.000 24.573 -30.669 -10.000 24.243 -34.917 -10.000 12.732
3 16 -34.616 -10.000 4.098 -31.647 -10.000 2.623 -33.154 -10.000 5.355
3 16 -28.353 -10.000 2.623 -25.384 -10.000 4.098 -28.031 -10.000 4.713
3 16 -23.330 -10.000 6.756 -22.597 -10.000 10.070 -24.609 -10.000 8.699
3 16 -25.844 -10.000 13.869 -24.609 -10.000 11.441 -22.597 -10.000 29.930
3 16 -30.669 -10.000 15.757 -28.031 -10.000 15.427 -28.031 -10.000 24.573
3 16 -24.447 -10.000 29.930 -24.609 -10.000 28.559 -22.597 -10.000 29.930
3 16 -31.647 -10.000 37.377 -30.669 -10.000 35.617 -28.353 -10.000 37.377
3 16 -34.616 -10.000 35.902 -33.154 -10.000 34.645 -31.647 -10.000 37.377
3 16 -34.917 -10.000 32.592 -36.670 -10.000 33.244 -35.553 -10.000 29.930
3 16 -33.154 -10.000 25.215 -34.917 -10.000 27.268 -37.403 -10.000 10.070
3 16 -37.403 -10.000 10.070 -36.670 -10.000 6.756 -35.553 -10.000 10.070
3 16 -25.384 -10.000 4.098 -23.330 -10.000 6.756 -25.844 -10.000 6.271
3 16 -22.597 -10.000 10.070 -22.597 -10.000 29.930 -24.609 -10.000 11.441
3 16 -25.844 -10.000 13.869 -22.597 -10.000 29.930 -25.844 -10.000 26.131
3 16 -23.330 -10.000 33.244 -24.609 -10.000 31.301 -22.597 -10.000 29.930
3 16 -25.384 -10.000 35.902 -25.844 -10.000 33.729 -23.330 -10.000 33.244
3 16 -28.353 -10.000 37.377 -28.031 -10.000 35.287 -25.384 -10.000 35.902
3 16 -30.669 -10.000 35.617 -31.647 -10.000 37.377 -33.154 -10.000 34.645
3 16 -35.553 -10.000 29.930 -37.403 -10.000 29.930 -34.917 -10.000 27.268
3 16 -31.647 -10.000 2.623 -28.353 -10.000 2.623 -30.669 -10.000 4.383
3 16 -25.844 -10.000 13.869 -25.844 -10.000 26.131 -28.031 -10.000 15.427
3 16 -24.609 -10.000 31.301 -23.330 -10.000 33.244 -25.844 -10.000 33.729
3 16 -28.031 -10.000 35.287 -28.353 -10.000 37.377 -30.669 -10.000 35.617
3 16 -30.669 -10.000 24.243 -33.154 -10.000 25.215 -34.917 -10.000 12.732
3 16 -34.917 -10.000 12.732 -33.154 -10.000 14.785 -28.031 -10.000 24.573
3 16 -25.844 -10.000 33.729 -25.384 -10.000 35.902 -28.031 -10.000 35.287
3 16 -24.447 -10.000 10.070 -22.597 -10.000 10.070 -24.609 -10.000 11.441
3 16 -33.154 -10.000 34.645 -34.616 -10.000 35.902 -34.917 -10.000 32.592
3 16 -24.447 -10.000 29.930 -22.597 -10.000 29.930 -24.609 -10.000 31.301
3 16 -37.403 -10.000 29.930 -36.670 -10.000 33.244 -39.625 -7.692 29.930
3 16 -36.670 -10.000 33.244 -34.616 -10.000 35.902 -38.671 -7.692 34.238
3 16 -34.616 -10.000 35.902 -31.647 -10.000 37.377 -36.001 -7.692 37.694
3 16 -31.647 -10.000 37.377 -28.353 -10.000 37.377 -32.142 -7.692 39.611
3 16 -28.353 -10.000 37.377 -25.384 -10.000 35.902 -27.858 -7.692 39.611
3 16 -25.384 -10.000 35.902 -23.330 -10.000 33.244 -23.999 -7.692 37.694
3 16 -23.330 -10.000 33.244 -22.597 -10.000 29.930 -21.329 -7.692 34.238
3 16 -20.375 -7.692 29.930 -21.329 -7.692 34.238 -22.597 -10.000 29.930
3 16 -21.329 -7.692 34.238 -23.999 -7.692 37.694 -23.330 -10.000 33.244
3 16 -23.999 -7.692 37.694 -27.858 -7.692 39.611 -25.384 -10.000 35.902
3 16 -27.858 -7.692 39.611 -32.142 -7.692 39.611 -28.353 -10.000 37.377
3 16 -32.142 -7.692 39.611 -36.001 -7.692 37.694 -31.647 -10.000 37.377
3 16 -36.001 -7.692 37.694 -38.671 -7.692 34.238 -34.616 -10.000 35.902
3 16 -38.671 -7.692 34.238 -39.625 -7.692 29.930 -36.670 -10.000 33.244
3 16 -22.597 -10.000 29.930 -22.597 -10.000 10.070 -20.375 -7.692 29.930
3 16 -20.375 -7.692 10.070 -20.375 -7.692 29.930 -22.597 -10.000 10.070
3 16 -39.625 -7.692 29.930 -39.625 -7.692 10.070 -37.403 -10.000 29.930
3 16 -37.403 -10.000 10.070 -37.403 -10.000 29.930 -39.625 -7.692 10.070
3 16 -39.625 -7.692 29.930 -38.671 -7.692 34.238 -39.625 -2.308 29.930
3 16 -38.671 -7.692 34.238 -36.001 -7.692 37.694 -38.671 -2.308 34.238
3 16 -36.001 -7.692 37.694 -32.142 -7.692 39.611 -36.001 -2.308 37.694
3 16 -32.142 -7.692 39.611 -27.858 -7.692 39.611 -32.142 -2.308 39.611
3 16 -27.858 -7.692 39.611 -23.999 -7.692 37.694 -27.858 -2.308 39.611
3 16 -23.999 -7.692 37.694 -21.329 -7.692 34.238 -23.999 -2.308 37.694
3 16 -21.329 -7.692 34.238 -20.375 -7.692 29.930 -21.329 -2.308 34.238
3 16 -20.375 -2.308 29.930 -21.329 -2.308 34.238 -20.375 -7.692 29.930
3 16 -21.329 -2.308 34.238 -23.999 -2.308 37.694 -21.329 -7.692 34.238
3 16 -23.999 -2.308 37.694 -27.858 -2.308 39.611 -23.999 -7.692 37.694
3 16 -27.858 -2.308 39.611 -32.142 -2.308 39.611 -27.858 -7.692 39.611
3 16 -32.142 -2.308 39.611 -36.001 -2.308 37.694 -32.142 -7.692 39.611
3 16 -36.001 -2.308 37.694 -38.671 -2.308 34.238 -36.001 -7.692 37.694
3 16 -38.671 -2.308 34.238 -39.625 -2.308 29.930 -38.671 -7.692 34.238
3 16 -22.597 -10.000 10.070 -23.330 -10.000 6.756 -20.375 -7.692 10.070
3 16 -23.330 -10.000 6.756 -25.384 -10.000 4.098 -21.329 -7.692 5.762
3 16 -25.384 -10.000 4.098 -28.353 -10.000 2.623 -23.999 -7.692 2.306
3 16 -28.353 -10.000 2.623 -31.647 -10.000 2.623 -27.858 -7.692 0.389
3 16 -31.647 -10.000 2.623 -34.616 -10.000 4.098 -32.142 -7.692 0.389
3 16 -34.616 -10.000 4.098 -36.670 -10.000 6.756 -36.001 -7.692 2.306
3 16 -36.670 -10.000 6.756 -37.403 -10.000 10.070 -38.671 -7.692 5.762
3 16 -39.625 -7.692 10.070 -38.671 -7.692 5.762 -37.403 -10.000 10.070
3 16 -38.671 -7.692 5.762 -36.001 -7.692 2.306 -36.670 -10.000 6.756
3 16 -36.001 -7.692 2.306 -32.142 -7.692 0.389 -34.616 -10.000 4.098
3 16 -32.142 -7.692 0.389 -27.858 -7.692 0.389 -31.647 -10.000 2.623
3 16 -27.858 -7.692 0.389 -23.999 -7.692 2.306 -28.353 -10.000 2.623
3 16 -23.999 -7.692 2.306 -21.329 -7.692 5.762 -25.384 -10.000 4.098
3 16 -21.329 -7.692 5.762 -20.375 -7.692 10.070 -23.330 -10.000 6.756
3 16 -20.375 -7.692 29.930 -20.375 -7.692 10.070 -20.375 -2.308 29.930
3 16 -20.375 -2.308 10.070 -20.375 -2.308 29.930 -20.375 -7.692 10.070
3 16 -20.375 -7.692 10.070 -21.329 -7.692 5.762 -20.375 -2.308 10.070
3 16 -21.329 -7.692 5.762 -23.999 -7.692 2.306 -21.329 -2.308 5.762
3 16 -23.999 -7.692 2.306 -27.858 -7.692 0.389 -23.999 -2.308 2.306
3 16 -27.858 -7.692 0.389 -32.142 -7.692 0.389 -27.858 -2.308 0.389
3 16 -32.142 -7.692 0.389 -36.001 -7.692 2.306 -32.142 -2.308 0.389
3 16 -36.001 -7.692 2.306 -38.671 -7.692 5.762 -36.001 -2.308 2.306
3 16 -38.671 -7.692 5.762 -39.625 -7.692 10.070 -38.671 -2.308 5.762
3 16 -39.625 -2.308 10.070 -38.671 -2.308 5.762 -39.625 -7.692 10.070
3 16 -38.671 -2.308 5.762 -36.001 -2.308 2.306 -38.671 -7.692 5.762
3 16 -36.001 -2.308 2.306 -32.142 -2.308 0.389 -36.001 -7.692 2.306
3 16 -32.142 -2.308 0.389 -27.858 -2.308 0.389 -32.142 -7.692 0.389
3 16 -27.858 -2.308 0.389 -23.999 -2.308 2.306 -27.858 -7.692 0.389
3 16 -23.999 -2.308 2.306 -21.329 -2.308 5.762 -23.999 -7.692 2.306
3 16 -21.329 -2.308 5.762 -20.375 -2.308 10.070 -21.329 -7.692 5.762
3 16 -20.375 -2.308 29.930 -20.375 -2.308 10.070 -22.597 0.000 29.930
3 16 -22.597 0.000 10.070 -22.597 0.000 29.930 -20.375 -2.308 10.070
3 16 -39.625 -2.308 10.070 -39.625 -7.692 10.070 -39.625 -2.308 29.930
3 16 -39.625 -7.692 29.930 -39.625 -2.308 29.930 -39.625 -7.692 10.070
3 16 -22.597 0.000 29.930 -23.330 0.000 33.244 -20.375 -2.308 29.930
3 16 -23.330 0.000 33.244 -25.384 0.000 35.902 -21.329 -2.308 34.238
3 16 -25.384 0.000 35.902 -28.353 0.000 37.377 -23.999 -2.308 37.694
3 16 -28.353 0.000 37.377 -31.647 0.000 37.377 -27.858 -2.308 39.611
3 16 -31.647 0.000 37.377 -34.616 0.000 35.902 -32.142 -2.308 39.611
3 16 -34.616 0.000 35.902 -36.670 0.000 33.244 -36.001 -2.308 37.694
3 16 -36.670 0.000 33.244 -37.403 0.000 29.930 -38.671 -2.308 34.238
3 16 -39.625 -2.308 29.930 -38.671 -2.308 34.238 -37.403 0.000 29.930
3 16 -38.671 -2.308 34.238 -36.001 -2.308 37.694 -36.670 0.000 33.244
3 16 -36.001 -2.308 37.694 -32.142 -2.308 39.611 -34.616 0.000 35.902
3 16 -32.142 -2.308 39.611 -27.858 -2.308 39.611 -31.647 0.000 37.377
3 16 -27.858 -2.308 39.611 -23.999 -2.308 37.694 -28.353 0.000 37.377
3 16 -23.999 -2.308 37.694 -21.329 -2.308 34.238 -25.384 0.000 35.902
3 16 -21.329 -2.308 34.238 -20.375 -2.308 29.930 -23.330 0.000 33.244
3 16 -37.403 0.000 29.930 -37.403 0.000 10.070 -39.625 -2.308 29.930
3 16 -39.625 -2.308 10.070 -39.625 -2.308 29.930 -37.403 0.000 10.070
3 16 -37.403 0.000 10.070 -36.670 0.000 6.756 -39.625 -2.308 10.070
3 16 -36.670 0.000 6.756 -34.616 0.000 4.098 -38.671 -2.308 5.762
3 16 -34.616 0.000 4.098 -31.647 0.000 2.623 -36.001 -2.308 2.306
3 16 -31.647 0.000 2.623 -28.353 0.000 2.623 -32.142 -2.308 0.389
3 16 -28.353 0.000 2.623 -25.384 0.000 4.098 -27.858 -2.308 0.389
3 16 -25.384 0.000 4.098 -23.330 0.000 6.756 -23.999 -2.308 2.306
3 16 -23.330 0.000 6.756 -22.597 0.000 10.070 -21.329 -2.308 5.762
3 16 -20.375 -2.308 10.070 -21.329 -2.308 5.762 -22.597 0.000 10.070
3 16 -21.329 -2.308 5.762 -23.999 -2.308 2.306 -23.330 0.000 6.756
3 16 -23.999 -2.308 2.306 -27.858 -2.308 0.389 -25.384 0.000 4.098
3 16 -27.858 -2.308 0.389 -32.142 -2.308 0.389 -28.353 0.000 2.623
3 16 -32.142 -2.308 0.389 -36.001 -2.308 2.306 -31.647 0.000 2.623
3 16 -36.001 -2.308 2.306 -38.671 -2.308 5.762 -34.616 0.000 4.098
3 16 -38.671 -2.308 5.762 -39.625 -2.308 10.070 -36.670 0.000 6.756
3 16 -33.154 0.000 25.215 -34.917 0.000 12.732 -37.403 0.000 10.070
3 16 -30.669 0.000 24.243 -30.669 0.000 15.757 -33.154 0.000 25.215
3 16 -30.669 0.000 15.757 -30.669 0.000 24.243 -28.031 0.000 15.427
3 16 -33.154 0.000 14.785 -34.917 0.000 12.732 -33.154 0.000 25.215
3 16 -28.031 0.000 24.573 -28.031 0.000 15.427 -30.669 0.000 24.243
3 16 -33.154 0.000 14.785 -33.154 0.000 25.215 -30.669 0.000 15.757
3 16 -25.844 0.000 13.869 -28.031 0.000 15.427 -28.031 0.000 24.573
3 16 -24.609 0.000 11.441 -25.844 0.000 13.869 -22.597 0.000 10.070
3 16 -23.330 0.000 6.756 -24.609 0.000 8.699 -22.597 0.000 10.070
3 16 -25.384 0.000 4.098 -25.844 0.000 6.271 -23.330 0.000 6.756
3 16 -25.844 0.000 26.131 -24.609 0.000 28.559 -22.597 0.000 10.070
3 16 -28.031 0.000 24.573 -22.597 0.000 10.070 -25.844 0.000 13.869
3 16 -24.609 0.000 8.699 -23.330 0.000 6.756 -25.844 0.000 6.271
3 16 -30.669 0.000 35.617 -33.154 0.000 34.645 -31.647 0.000 37.377
3 16 -28.031 0.000 35.287 -30.669 0.000 35.617 -28.353 0.000 37.377
3 16 -24.609 0.000 28.559 -24.609 0.000 31.301 -22.597 0.000 29.930
3 16 -28.031 0.000 24.573 -25.844 0.000 26.131 -22.597 0.000 10.070
3 16 -24.609 0.000 11.441 -22.597 0.000 10.070 -24.609 0.000 8.699
3 16 -28.353 0.000 2.623 -28.031 0.000 4.713 -25.384 0.000 4.098
3 16 -31.647 0.000 2.623 -30.669 0.000 4.383 -28.353 0.000 2.623
3 16 -34.616 0.000 4.098 -33.154 0.000 5.355 -31.647 0.000 2.623
3 16 -36.670 0.000 6.756 -34.917 0.000 7.408 -34.616 0.000 4.098
3 16 -31.647 0.000 37.377 -28.353 0.000 37.377 -30.669 0.000 35.617
3 16 -25.844 0.000 33.729 -28.031 0.000 35.287 -25.384 0.000 35.902
3 16 -24.609 0.000 31.301 -25.844 0.000 33.729 -23.330 0.000 33.244
3 16 -22.597 0.000 29.930 -22.597 0.000 10.070 -24.609 0.000 28.559
3 16 -34.917 0.000 27.268 -33.154 0.000 25.215 -37.403 0.000 10.070
3 16 -35.553 0.000 29.930 -34.917 0.000 27.268 -37.403 0.000 29.930
3 16 -28.031 0.000 4.713 -28.353 0.000 2.623 -30.669 0.000 4.383
3 16 -33.154 0.000 5.355 -34.616 0.000 4.098 -34.917 0.000 7.408
3 16 -34.917 0.000 32.592 -35.553 0.000 29.930 -36.670 0.000 33.244
3 16 -33.154 0.000 34.645 -34.917 0.000 32.592 -34.616 0.000 35.902
3 16 -28.353 0.000 37.377 -25.384 0.000 35.902 -28.031 0.000 35.287
3 16 -23.330 0.000 33.244 -22.597 0.000 29.930 -24.609 0.000 31.301
3 16 -37.403 0.000 10.070 -37.403 0.000 29.930 -34.917 0.000 27.268
3 16 -30.669 0.000 4.383 -31.647 0.000 2.623 -33.154 0.000 5.355
3 16 -36.670 0.000 33.244 -34.616 0.000 35.902 -34.917 0.000 32.592
3 16 -25.384 0.000 35.902 -23.330 0.000 33.244 -25.844 0.000 33.729
3 16 -25.844 0.000 6.271 -25.384 0.000 4.098 -28.031 0.000 4.713
3 16 -37.403 0.000 10.070 -35.553 0.000 10.070 -36.670 0.000 6.756
3 16 -34.616 0.000 35.902 -31.647 0.000 37.377 -33.154 0.000 34.645
3 16 -34.917 0.000 7.408 -36.670 0.000 6.756 -35.553 0.000 10.070
3 16 -35.553 0.000 10.070 -37.403 0.000 10.070 -34.917 0.000 12.732
3 16 -37.403 0.000 29.930 -36.670 0.000 33.244 -35.553 0.000 29.930
3 16 -34.917 0.000 12.732 -33.933 -1.154 12.200 -35.553 0.000 10.070
3 16 -33.154 0.000 14.785 -32.523 -1.154 13.842 -34.917 0.000 12.732
3 16 -30.669 0.000 15.757 -30.535 -1.154 14.620 -33.154 0.000 14.785
3 16 -28.031 0.000 15.427 -28.425 -1.154 14.355 -30.669 0.000 15.757
3 16 -25.844 0.000 13.869 -26.675 -1.154 13.109 -28.031 0.000 15.427
3 16 -24.609 0.000 11.441 -25.687 -1.154 11.167 -25.844 0.000 13.869
3 16 -24.609 0.000 8.699 -25.687 -1.154 8.973 -24.609 0.000 11.441
3 16 -25.844 0.000 6.271 -26.675 -1.154 7.031 -24.609 0.000 8.699
3 16 -28.031 0.000 4.713 -28.425 -1.154 5.785 -25.844 0.000 6.271
3 16 -30.669 0.000 4.383 -30.535 -1.154 5.520 -28.031 0.000 4.713
3 16 -33.154 0.000 5.355 -32.523 -1.154 6.298 -30.669 0.000 4.383
3 16 -34.917 0.000 7.408 -33.933 -1.154 7.940 -33.154 0.000 5.355
3 16 -35.553 0.000 10.070 -34.442 -1.154 10.070 -34.917 0.000 7.408
3 16 -33.933 -1.154 7.940 -34.917 0.000 7.408 -34.442 -1.154 10.070
3 16 -32.523 -1.154 6.298 -33.154 0.000 5.355 -33.933 -1.154 7.940
3 16 -30.535 -1.154 5.520 -30.669 0.000 4.383 -32.523 -1.154 6.298
3 16 -28.425 -1.154 5.785 -28.031 0.000 4.713 -30.535 -1.154 5.520
3 16 -26.675 -1.154 7.031 -25.844 0.000 6.271 -28.425 -1.154 5.785
3 16 -25.687 -1.154 8.973 -24.609 0.000 8.699 -26.675 -1.154 7.031
3 16 -25.687 -1.154 11.167 -24.609 0.000 11.441 -25.687 -1.154 8.973
3 16 -26.675 -1.154 13.109 -25.844 0.000 13.869 -25.687 -1.154 11.167
3 16 -28.425 -1.154 14.355 -28.031 0.000 15.427 -26.675 -1.154 13.109
3 16 -30.535 -1.154 14.620 -30.669 0.000 15.757 -28.425 -1.154 14.355
3 16 -32.523 -1.154 13.842 -33.154 0.000 14.785 -30.535 -1.154 14.620
3 16 -33.933 -1.154 12.200 -34.917 0.000 12.732 -32.523 -1.154 13.842
3 16 -34.442 -1.154 10.070 -35.553 0.000 10.070 -33.933 -1.154 12.200
3 16 -34.442 -1.154 10.070 -34.442 -1.538 10.070 -33.933 -1.154 7.940
3 16 -33.933 -1.154 7.940 -33.933 -1.538 7.940 -32.523 -1.154 6.298
3 16 -32.523 -1.154 6.298 -32.523 -1.538 6.298 -30.535 -1.154 5.520
3 16 -30.535 -1.154 5.520 -30.535 -1.538 5.520 -28.425 -1.154 5.785
3 16 -28.425 -1.154 5.785 -28.425 -1.538 5.785 -26.675 -1.154 7.031
3 16 -26.675 -1.154 7.031 -26.675 -1.538 7.031 -25.687 -1.154 8.973
3 16 -25.687 -1.154 8.973 -25.558 -1.538 10.070 -25.687 -1.154 11.167
3 16 -25.687 -1.538 8.973 -25.558 -1.538 10.070 -25.687 -1.154 8.973
3 16 -25.687 -1.154 11.167 -25.687 -1.538 11.167 -26.675 -1.154 13.109
3 16 -26.675 -1.154 13.109 -26.675 -1.538 13.109 -28.425 -1.154 14.355
3 16 -28.425 -1.154 14.355 -28.425 -1.538 14.355 -30.535 -1.154 14.620
3 16 -30.535 -1.154 14.620 -30.535 -1.538 14.620 -32.523 -1.154 13.842
3 16 -32.523 -1.154 13.842 -32.523 -1.538 13.842 -33.933 -1.154 12.200
3 16 -33.933 -1.154 12.200 -33.933 -1.538 12.200 -34.442 -1.154 10.070
3 16 -34.442 -1.538 10.070 -34.442 -1.154 10.070 -33.933 -1.538 12.200
3 16 -33.933 -1.538 12.200 -33.933 -1.154 12.200 -32.523 -1.538 13.842
3 16 -32.523 -1.538 13.842 -32.523 -1.154 13.842 -30.535 -1.538 14.620
3 16 -30.535 -1.538 14.620 -30.535 -1.154 14.620 -28.425 -1.538 14.355
3 16 -28.425 -1.538 14.355 -28.425 -1.154 14.355 -26.675 -1.538 13.109
3 16 -26.675 -1.538 13.109 -26.675 -1.154 13.109 -25.687 -1.538 11.167
3 16 -25.687 -1.538 11.167 -25.687 -1.154 11.167 -25.558 -1.538 10.070
3 16 -25.687 -1.538 8.973 -25.687 -1.154 8.973 -26.675 -1.538 7.031
3 16 -26.675 -1.538 7.031 -26.675 -1.154 7.031 -28.425 -1.538 5.785
3 16 -28.425 -1.538 5.785 -28.425 -1.154 5.785 -30.535 -1.538 5.520
3 16 -30.535 -1.538 5.520 -30.535 -1.154 5.520 -32.523 -1.538 6.298
3 16 -32.523 -1.538 6.298 -32.523 -1.154 6.298 -33.933 -1.538 7.940
3 16 -33.933 -1.538 7.940 -33.933 -1.154 7.940 -34.442 -1.538 10.070
3 16 -24.510 -5.000 11.466 -25.687 -1.538 11.167 -24.345 -5.000 10.070
3 16 -25.767 -5.000 13.939 -26.675 -1.538 13.109 -24.510 -5.000 11.466
3 16 -27.995 -5.000 15.525 -28.425 -1.538 14.355 -25.767 -5.000 13.939
3 16 -30.682 -5.000 15.862 -30.535 -1.538 14.620 -27.995 -5.000 15.525
3 16 -33.212 -5.000 14.871 -32.523 -1.538 13.842 -30.682 -5.000 15.862
3 16 -35.007 -5.000 12.781 -33.933 -1.538 12.200 -33.212 -5.000 14.871
3 16 -35.655 -5.000 10.070 -34.442 -1.538 10.070 -35.007 -5.000 12.781
3 16 -35.007 -5.000 7.359 -33.933 -1.538 7.940 -35.655 -5.000 10.070
3 16 -33.212 -5.000 5.269 -32.523 -1.538 6.298 -35.007 -5.000 7.359
3 16 -30.682 -5.000 4.278 -30.535 -1.538 5.520 -33.212 -5.000 5.269
3 16 -27.995 -5.000 4.615 -28.425 -1.538 5.785 -30.682 -5.000 4.278
3 16 -25.767 -5.000 6.201 -26.675 -1.538 7.031 -27.995 -5.000 4.615
3 16 -24.510 -5.000 8.674 -25.687 -1.538 8.973 -25.767 -5.000 6.201
3 16 -24.345 -5.000 10.070 -25.558 -1.538 10.070 -24.510 -5.000 8.674
3 16 -25.687 -1.538 8.973 -24.510 -5.000 8.674 -25.558 -1.538 10.070
3 16 -26.675 -1.538 7.031 -25.767 -5.000 6.201 -25.687 -1.538 8.973
3 16 -28.425 -1.538 5.785 -27.995 -5.000 4.615 -26.675 -1.538 7.031
3 16 -30.535 -1.538 5.520 -30.682 -5.000 4.278 -28.425 -1.538 5.785
3 16 -32.523 -1.538 6.298 -33.212 -5.000 5.269 -30.535 -1.538 5.520
3 16 -33.933 -1.538 7.940 -35.007 -5.000 7.359 -32.523 -1.538 6.298
3 16 -34.442 -1.538 10.070 -35.655 -5.000 10.070 -33.933 -1.538 7.940
3 16 -33.933 -1.538 12.200 -35.007 -5.000 12.781 -34.442 -1.538 10.070
3 16 -32.523 -1.538 13.842 -33.212 -5.000 14.871 -33.933 -1.538 12.200
3 16 -30.535 -1.538 14.620 -30.682 -5.000 15.862 -32.523 -1.538 13.842
3 16 -28.425 -1.538 14.355 -27.995 -5.000 15.525 -30.535 -1.538 14.620
3 16 -26.675 -1.538 13.109 -25.767 -5.000 13.939 -28.425 -1.538 14.355
3 16 -25.687 -1.538 11.167 -24.510 -5.000 11.466 -26.675 -1.538 13.109
3 16 -25.558 -1.538 10.070 -24.345 -5.000 10.070 -25.687 -1.538 11.167
3 16 -35.007 -5.000 12.781 -33.933 -8.462 12.200 -35.655 -5.000 10.070
3 16 -33.212 -5.000 14.871 -32.523 -8.462 13.842 -35.007 -5.000 12.781
3 16 -30.682 -5.000 15.862 -30.535 -8.462 14.620 -33.212 -5.000 14.871
3 16 -27.995 -5.000 15.525 -28.425 -8.462 14.355 -30.682 -5.000 15.862
3 16 -25.767 -5.000 13.939 -26.675 -8.462 13.109 -27.995 -5.000 15.525
3 16 -24.510 -5.000 11.466 -25.687 -8.462 11.167 -25.767 -5.000 13.939
3 16 -24.510 -5.000 11.466 -24.345 -5.000 10.070 -25.687 -8.462 11.167
3 16 -25.687 -8.462 8.973 -25.687 -8.462 11.167 -24.345 -5.000 10.070
3 16 -25.767 -5.000 6.201 -26.675 -8.462 7.031 -24.510 -5.000 8.674
3 16 -27.995 -5.000 4.615 -28.425 -8.462 5.785 -25.767 -5.000 6.201
3 16 -30.682 -5.000 4.278 -30.535 -8.462 5.520 -27.995 -5.000 4.615
3 16 -33.212 -5.000 5.269 -32.523 -8.462 6.298 -30.682 -5.000 4.278
3 16 -35.007 -5.000 7.359 -33.933 -8.462 7.940 -33.212 -5.000 5.269
3 16 -35.655 -5.000 10.070 -34.442 -8.462 10.070 -35.007 -5.000 7.359
3 16 -33.933 -8.462 7.940 -35.007 -5.000 7.359 -34.442 -8.462 10.070
3 16 -32.523 -8.462 6.298 -33.212 -5.000 5.269 -33.933 -8.462 7.940
3 16 -30.535 -8.462 5.520 -30.682 -5.000 4.278 -32.523 -8.462 6.298
3 16 -28.425 -8.462 5.785 -27.995 -5.000 4.615 -30.535 -8.462 5.520
3 16 -26.675 -8.462 7.031 -25.767 -5.000 6.201 -28.425 -8.462 5.785
3 16 -25.687 -8.462 8.973 -24.510 -5.000 8.674 -26.675 -8.462 7.031
3 16 -24.510 -5.000 8.674 -25.687 -8.462 8.973 -24.345 -5.000 10.070
3 16 -26.675 -8.462 13.109 -25.767 -5.000 13.939 -25.687 -8.462 11.167
3 16 -28.425 -8.462 14.355 -27.995 -5.000 15.525 -26.675 -8.462 13.109
3 16 -30.535 -8.462 14.620 -30.682 -5.000 15.862 -28.425 -8.462 14.355
3 16 -32.523 -8.462 13.842 -33.212 -5.000 14.871 -30.535 -8.462 14.620
3 16 -33.933 -8.462 12.200 -35.007 -5.000 12.781 -32.523 -8.462 13.842
3 16 -34.442 -8.462 10.070 -35.655 -5.000 10.070 -33.933 -8.462 12.200
3 16 -34.442 -8.462 10.070 -34.442 -8.846 10.070 -33.933 -8.462 7.940
3 16 -33.933 -8.462 7.940 -33.933 -8.846 7.940 -32.523 -8.462 6.298
3 16 -32.523 -8.462 6.298 -32.523 -8.846 6.298 -30.535 -8.462 5.520
3 16 -30.535 -8.462 5.520 -30.535 -8.846 5.520 -28.425 -8.462 5.785
3 16 -28.425 -8.462 5.785 -28.425 -8.846 5.785 -26.675 -8.462 7.031
3 16 -26.675 -8.462 7.031 -26.675 -8.846 7.031 -25.687 -8.462 8.973
3 16 -25.687 -8.462 8.973 -25.558 -8.846 10.070 -25.687 -8.462 11.167
3 16 -25.687 -8.846 8.973 -25.558 -8.846 10.070 -25.687 -8.462 8.973
3 16 -25.687 -8.462 11.167 -25.687 -8.846 11.167 -26.675 -8.462 13.109
3 16 -26.675 -8.462 13.109 -26.675 -8.846 13.109 -28.425 -8.462 14.355
3 16 -28.425 -8.462 14.355 -28.425 -8.846 14.355 -30.535 -8.462 14.620
3 16 -30.535 -8.462 14.620 -30.535 -8.846 14.620 -32.523 -8.462 13.842
3 16 -32.523 -8.462 13.842 -32.523 -8.846 13.842 -33.933 -8.462 12.200
3 16 -33.933 -8.462 12.200 -33.933 -8.846 12.200 -34.442 -8.462 10.070
3 16 -34.442 -8.846 10.070 -34.442 -8.462 10.070 -33.933 -8.846 12.200
3 16 -33.933 -8.846 12.200 -33.933 -8.462 12.200 -32.523 -8.846 13.842
3 16 -32.523 -8.846 13.842 -32.523 -8.462 13.842 -30.535 -8.846 14.620
3 16 -30.535 -8.846 14.620 -30.535 -8.462 14.620 -28.425 -8.846 14.355
3 16 -28.425 -8.846 14.355 -28.425 -8.462 14.355 -26.675 -8.846 13.109
3 16 -26.675 -8.846 13.109 -26.675 -8.462 13.109 -25.687 -8.846 11.167
3 16 -25.687 -8.846 11.167 -25.687 -8.462 11.167 -25.558 -8.846 10.070
3 16 -25.687 -8.846 8.973 -25.687 -8.462 8.973 -26.675 -8.846 7.031
3 16 -26.675 -8.846 7.031 -26.675 -8.462 7.031 -28.425 -8.846 5.785
3 16 -28.425 -8.846 5.785 -28.425 -8.462 5.785 -30.535 -8.846 5.520
3 16 -30.535 -8.846 5.520 -30.535 -8.462 5.520 -32.523 -8.846 6.298
3 16 -32.523 -8.846 6.298 -32.523 -8.462 6.298 -33.933 -8.846 7.940
3 16 -33.933 -8.846 7.940 -33.933 -8.462 7.940 -34.442 -8.846 10.070
3 16 -24.609 -10.000 11.441 -25.687 -8.846 11.167 -24.447 -10.000 10.070
3 16 -25.844 -10.000 13.869 -26.675 -8.846 13.109 -24.609 -10.000 11.441
3 16 -28.031 -10.000 15.427 -28.425 -8.846 14.355 -25.844 -10.000 13.869
3 16 -30.669 -10.000 15.757 -30.535 -8.846 14.620 -28.031 -10.000 15.427
3 16 -33.154 -10.000 14.785 -32.523 -8.846 13.842 -30.669 -10.000 15.757
3 16 -34.917 -10.000 12.732 -33.933 -8.846 12.200 -33.154 -10.000 14.785
3 16 -35.553 -10.000 10.070 -34.442 -8.846 10.070 -34.917 -10.000 12.732
3 16 -34.917 -10.000 7.408 -33.933 -8.846 7.940 -35.553 -10.000 10.070
3 16 -33.154 -10.000 5.355 -32.523 -8.846 6.298 -34.917 -10.000 7.408
3 16 -30.669 -10.000 4.383 -30.535 -8.846 5.520 -33.154 -10.000 5.355
3 16 -28.031 -10.000 4.713 -28.425 -8.846 5.785 -30.669 -10.000 4.383
3 16 -25.844 -10.000 6.271 -26.675 -8.846 7.031 -28.031 -10.000 4.713
3 16 -24.609 -10.000 8.699 -25.687 -8.846 8.973 -25.844 -10.000 6.271
3 16 -24.447 -10.000 10.070 -25.558 -8.846 10.070 -24.609 -10.000 8.699
3 16 -25.687 -8.846 8.973 -24.609 -10.000 8.699 -25.558 -8.846 10.070
3 16 -26.675 -8.846 7.031 -25.844 -10.000 6.271 -25.687 -8.846 8.973
3 16 -28.425 -8.846 5.785 -28.031 -10.000 4.713 -26.675 -8.846 7.031
3 16 -30.535 -8.846 5.520 -30.669 -10.000 4.383 -28.425 -8.846 5.785
3 16 -32.523 -8.846 6.298 -33.154 -10.000 5.355 -30.535 -8.846 5.520
3 16 -33.933 -8.846 7.940 -34.917 -10.000 7.408 -32.523 -8.846 6.298
3 16 -34.442 -8.846 10.070 -35.553 -10.000 10.070 -33.933 -8.846 7.940
3 16 -33.933 -8.846 12.200 -34.917 -10.000 12.732 -34.442 -8.846 10.070
3 16 -32.523 -8.846 13.842 -33.154 -10.000 14.785 -33.933 -8.846 12.200
3 16 -30.535 -8.846 14.620 -30.669 -10.000 15.757 -32.523 -8.846 13.842
3 16 -28.425 -8.846 14.355 -28.031 -10.000 15.427 -30.535 -8.846 14.620
3 16 -26.675 -8.846 13.109 -25.844 -10.000 13.869 -28.425 -8.846 14.355
3 16 -25.687 -8.846 11.167 -24.609 -10.000 11.441 -26.675 -8.846 13.109
3 16 -25.558 -8.846 10.070 -24.447 -10.000 10.070 -25.687 -8.846 11.167
2 24 -24.609 0.000 28.559 -25.844 0.000 26.131
2 24 -34.917 0.000 32.592 -35.553 0.000 29.930
2 24 -34.917 -10.000 27.268 -35.553 -10.000 29.930
2 24 -28.353 0.000 37.377 -31.647 0.000 37.377
2 24 -33.154 0.000 34.645 -34.917 0.000 32.592
2 24 -31.647 -10.000 2.623 -34.616 -10.000 4.098
2 24 -30.669 0.000 35.617 -33.154 0.000 34.645
2 24 -31.647 -10.000 37.377 -34.616 -10.000 35.902
2 24 -28.353 -10.000 37.377 -31.647 -10.000 37.377
2 24 -28.031 0.000 35.287 -30.669 0.000 35.617
2 24 -39.625 -7.692 10.070 -39.625 -7.692 29.930
2 24 -23.330 0.000 6.756 -25.384 0.000 4.098
2 24 -22.597 0.000 10.070 -23.330 0.000 6.756
2 24 -25.844 0.000 33.729 -28.031 0.000 35.287
2 24 -34.616 0.000 4.098 -36.670 0.000 6.756
2 24 -33.154 0.000 14.785 -34.917 0.000 12.732
2 24 -24.609 0.000 31.301 -25.844 0.000 33.729
2 24 -24.609 0.000 8.699 -24.609 0.000 11.441
2 24 -24.609 0.000 28.559 -24.609 0.000 31.301
2 24 -25.687 -1.154 8.973 -25.687 -1.154 11.167
2 24 -25.687 -1.154 28.833 -25.687 -1.154 31.027
2 24 -30.669 -10.000 35.617 -33.154 -10.000 34.645
2 24 -25.558 -8.846 29.930 -25.687 -8.846 28.833
2 24 -24.609 -10.000 28.559 -25.844 -10.000 26.131
2 24 -36.670 0.000 33.244 -37.403 0.000 29.930
2 24 -25.844 0.000 26.131 -28.031 0.000 24.573
2 24 -34.917 0.000 12.732 -35.553 0.000 10.070
2 24 -28.031 0.000 24.573 -30.669 0.000 24.243
2 24 -37.403 -10.000 10.070 -37.403 -10.000 29.930
2 24 -24.447 -10.000 29.930 -24.609 -10.000 28.559
2 24 -25.558 -8.846 10.070 -25.687 -8.846 8.973
2 24 -30.669 0.000 24.243 -33.154 0.000 25.215
2 24 -34.616 -10.000 4.098 -36.670 -10.000 6.756
2 24 -33.154 0.000 25.215 -34.917 0.000 27.268
2 24 -28.031 -10.000 4.713 -30.669 -10.000 4.383
2 24 -34.917 0.000 27.268 -35.553 0.000 29.930
2 24 -25.844 -10.000 6.271 -28.031 -10.000 4.713
2 24 -25.558 -8.846 10.070 -25.687 -8.846 11.167
2 24 -36.670 -10.000 6.756 -37.403 -10.000 10.070
2 24 -25.384 0.000 35.902 -28.353 0.000 37.377
2 24 -28.353 0.000 2.623 -31.647 0.000 2.623
2 24 -28.031 -10.000 15.427 -30.669 -10.000 15.757
2 24 -24.609 0.000 11.441 -25.844 0.000 13.869
2 24 -25.844 -10.000 26.131 -28.031 -10.000 24.573
2 24 -24.609 -10.000 8.699 -25.844 -10.000 6.271
2 24 -28.031 -10.000 24.573 -30.669 -10.000 24.243
2 24 -24.447 -10.000 10.070 -24.609 -10.000 8.699
2 24 -20.375 -2.308 10.070 -20.375 -2.308 29.930
2 24 -25.844 0.000 6.271 -28.031 0.000 4.713
2 24 -28.031 -10.000 35.287 -30.669 -10.000 35.617
2 24 -28.031 0.000 4.713 -30.669 0.000 4.383
2 24 -36.670 -10.000 33.244 -37.403 -10.000 29.930
2 24 -31.647 0.000 37.377 -34.616 0.000 35.902
2 24 -34.917 -10.000 32.592 -35.553 -10.000 29.930
2 24 -30.669 -10.000 24.243 -33.154 -10.000 25.215
2 24 -33.154 -10.000 5.355 -34.917 -10.000 7.408
2 24 -23.330 -10.000 33.244 -25.384 -10.000 35.902
2 24 -33.154 -10.000 25.215 -34.917 -10.000 27.268
2 24 -25.844 0.000 13.869 -28.031 0.000 15.427
2 24 -34.616 -10.000 35.902 -36.670 -10.000 33.244
2 24 -22.597 -10.000 10.070 -22.597 -10.000 29.930
2 24 -20.375 -7.692 10.070 -20.375 -7.692 29.930
2 24 -34.917 0.000 7.408 -35.553 0.000 10.070
2 24 -25.844 -10.000 13.869 -28.031 -10.000 15.427
2 24 -25.384 -10.000 35.902 -28.353 -10.000 37.377
2 24 -28.353 -10.000 2.623 -31.647 -10.000 2.623
2 24 -33.154 -10.000 14.785 -34.917 -10.000 12.732
2 24 -24.609 0.000 8.699 -25.844 0.000 6.271
2 24 -34.917 -10.000 12.732 -35.553 -10.000 10.070
2 24 -39.625 -2.308 10.070 -39.625 -2.308 29.930
2 24 -37.403 0.000 10.070 -37.403 0.000 29.930
2 24 -25.558 -8.846 29.930 -25.687 -8.846 31.027
2 24 -24.447 -10.000 10.070 -24.609 -10.000 11.441
2 24 -25.384 -10.000 4.098 -28.353 -10.000 2.623
2 24 -22.597 -10.000 29.930 -23.330 -10.000 33.244
2 24 -36.670 0.000 6.756 -37.403 0.000 10.070
2 24 -24.447 -10.000 29.930 -24.609 -10.000 31.301
2 24 -34.917 -10.000 7.408 -35.553 -10.000 10.070
2 24 -22.597 -10.000 10.070 -23.330 -10.000 6.756
2 24 -23.330 -10.000 6.756 -25.384 -10.000 4.098
2 24 -22.597 0.000 10.070 -22.597 0.000 29.930
2 24 -30.669 -10.000 4.383 -33.154 -10.000 5.355
2 24 -30.669 -10.000 15.757 -33.154 -10.000 14.785
2 24 -22.597 0.000 29.930 -23.330 0.000 33.244
2 24 -33.154 -10.000 34.645 -34.917 -10.000 32.592
2 24 -28.031 0.000 15.427 -30.669 0.000 15.757
2 24 -23.330 0.000 33.244 -25.384 0.000 35.902
2 24 -33.154 0.000 5.355 -34.917 0.000 7.408
2 24 -24.609 -10.000 31.301 -25.844 -10.000 33.729
2 24 -25.844 -10.000 33.729 -28.031 -10.000 35.287
2 24 -30.669 0.000 4.383 -33.154 0.000 5.355
2 24 -24.609 -10.000 11.441 -25.844 -10.000 13.869
2 24 -25.384 0.000 4.098 -28.353 0.000 2.623
2 24 -34.616 0.000 35.902 -36.670 0.000 33.244
2 24 -30.669 0.000 15.757 -33.154 0.000 14.785
2 24 -31.647 0.000 2.623 -34.616 0.000 4.098
