0 FILE mC3915FAB_202481_035908.dat
0 pan-sm-2x3
0 Name:  mC3915FAB_202481_035908.dat
0 Author:  
0 BFC CERTIFY CCW
3 16 34.087 -1.538 -7.855 32.622 -1.538 -6.202 30.000 -1.538 -10.000
3 16 30.556 -1.538 -5.418 30.000 -1.538 -10.000 32.622 -1.538 -6.202
3 16 28.363 -1.538 -5.685 30.000 -1.538 -10.000 30.556 -1.538 -5.418
3 16 26.545 -1.538 -6.939 30.000 -1.538 -10.000 28.363 -1.538 -5.685
3 16 25.519 -1.538 -8.895 30.000 -1.538 -10.000 26.545 -1.538 -6.939
3 16 25.519 -1.538 -11.105 30.000 -1.538 -10.000 25.519 -1.538 -8.895
3 16 26.545 -1.538 -13.061 30.000 -1.538 -10.000 25.519 -1.538 -11.105
3 16 28.363 -1.538 -14.315 30.000 -1.538 -10.000 26.545 -1.538 -13.061
3 16 30.556 -1.538 -14.582 30.000 -1.538 -10.000 28.363 -1.538 -14.315
3 16 32.622 -1.538 -13.798 30.000 -1.538 -10.000 30.556 -1.538 -14.582
3 16 34.087 -1.538 -12.145 30.000 -1.538 -10.000 32.622 -1.538 -13.798
3 16 34.615 -1.538 -10.000 30.000 -1.538 -10.000 34.087 -1.538 -12.145
3 16 34.087 -1.538 -7.855 30.000 -1.538 -10.000 34.615 -1.538 -10.000
3 16 34.615 -1.538 -10.000 35.074 -5.000 -8.749 34.087 -1.538 -7.855
3 16 35.226 -5.000 -10.000 35.074 -5.000 -8.749 34.615 -1.538 -10.000
3 16 34.627 -5.000 -7.571 33.912 -5.000 -6.535 34.087 -1.538 -7.855
3 16 32.622 -1.538 -6.202 34.087 -1.538 -7.855 33.912 -5.000 -6.535
3 16 32.969 -5.000 -5.699 31.853 -5.000 -5.114 32.622 -1.538 -6.202
3 16 30.556 -1.538 -5.418 32.622 -1.538 -6.202 31.853 -5.000 -5.114
3 16 30.630 -5.000 -4.812 29.370 -5.000 -4.812 30.556 -1.538 -5.418
3 16 28.363 -1.538 -5.685 30.556 -1.538 -5.418 29.370 -5.000 -4.812
3 16 28.147 -5.000 -5.114 27.031 -5.000 -5.699 28.363 -1.538 -5.685
3 16 26.545 -1.538 -6.939 28.363 -1.538 -5.685 27.031 -5.000 -5.699
3 16 26.088 -5.000 -6.535 25.373 -5.000 -7.571 26.545 -1.538 -6.939
3 16 25.519 -1.538 -8.895 26.545 -1.538 -6.939 25.373 -5.000 -7.571
3 16 25.519 -1.538 -8.895 24.774 -5.000 -10.000 25.519 -1.538 -11.105
3 16 24.926 -5.000 -8.749 24.774 -5.000 -10.000 25.519 -1.538 -8.895
3 16 24.926 -5.000 -11.251 25.373 -5.000 -12.429 25.519 -1.538 -11.105
3 16 26.545 -1.538 -13.061 25.519 -1.538 -11.105 25.373 -5.000 -12.429
3 16 26.088 -5.000 -13.465 27.031 -5.000 -14.301 26.545 -1.538 -13.061
3 16 28.363 -1.538 -14.315 26.545 -1.538 -13.061 27.031 -5.000 -14.301
3 16 28.147 -5.000 -14.886 29.370 -5.000 -15.188 28.363 -1.538 -14.315
3 16 30.556 -1.538 -14.582 28.363 -1.538 -14.315 29.370 -5.000 -15.188
3 16 30.630 -5.000 -15.188 31.853 -5.000 -14.886 30.556 -1.538 -14.582
3 16 32.622 -1.538 -13.798 30.556 -1.538 -14.582 31.853 -5.000 -14.886
3 16 32.969 -5.000 -14.301 33.912 -5.000 -13.465 32.622 -1.538 -13.798
3 16 34.087 -1.538 -12.145 32.622 -1.538 -13.798 33.912 -5.000 -13.465
3 16 34.627 -5.000 -12.429 35.074 -5.000 -11.251 34.087 -1.538 -12.145
3 16 34.615 -1.538 -10.000 34.087 -1.538 -12.145 35.074 -5.000 -11.251
3 16 35.226 -5.000 -10.000 34.615 -1.538 -10.000 35.074 -5.000 -11.251
3 16 34.627 -5.000 -12.429 34.087 -1.538 -12.145 33.912 -5.000 -13.465
3 16 32.969 -5.000 -14.301 32.622 -1.538 -13.798 31.853 -5.000 -14.886
3 16 30.630 -5.000 -15.188 30.556 -1.538 -14.582 29.370 -5.000 -15.188
3 16 28.147 -5.000 -14.886 28.363 -1.538 -14.315 27.031 -5.000 -14.301
3 16 26.088 -5.000 -13.465 26.545 -1.538 -13.061 25.373 -5.000 -12.429
3 16 24.926 -5.000 -11.251 25.519 -1.538 -11.105 24.774 -5.000 -10.000
3 16 24.926 -5.000 -8.749 25.519 -1.538 -8.895 25.373 -5.000 -7.571
3 16 26.088 -5.000 -6.535 26.545 -1.538 -6.939 27.031 -5.000 -5.699
3 16 28.147 -5.000 -5.114 28.363 -1.538 -5.685 29.370 -5.000 -4.812
3 16 30.630 -5.000 -4.812 30.556 -1.538 -5.418 31.853 -5.000 -5.114
3 16 32.969 -5.000 -5.699 32.622 -1.538 -6.202 33.912 -5.000 -6.535
3 16 34.627 -5.000 -7.571 34.087 -1.538 -7.855 35.074 -5.000 -8.749
3 16 24.926 -5.000 -8.749 25.519 -8.462 -8.895 24.774 -5.000 -10.000
3 16 25.913 -8.462 -7.855 25.519 -8.462 -8.895 25.373 -5.000 -7.571
3 16 24.926 -5.000 -8.749 25.373 -5.000 -7.571 25.519 -8.462 -8.895
3 16 26.545 -8.462 -6.939 25.913 -8.462 -7.855 26.088 -5.000 -6.535
3 16 27.378 -8.462 -6.202 26.545 -8.462 -6.939 27.031 -5.000 -5.699
3 16 26.088 -5.000 -6.535 27.031 -5.000 -5.699 26.545 -8.462 -6.939
3 16 28.363 -8.462 -5.685 27.378 -8.462 -6.202 28.147 -5.000 -5.114
3 16 29.370 -5.000 -4.812 29.444 -8.462 -5.418 28.147 -5.000 -5.114
3 16 28.363 -8.462 -5.685 28.147 -5.000 -5.114 29.444 -8.462 -5.418
3 16 30.630 -5.000 -4.812 30.556 -8.462 -5.418 29.370 -5.000 -4.812
3 16 31.853 -5.000 -5.114 31.637 -8.462 -5.685 30.630 -5.000 -4.812
3 16 30.556 -8.462 -5.418 30.630 -5.000 -4.812 31.637 -8.462 -5.685
3 16 32.969 -5.000 -5.699 32.622 -8.462 -6.202 31.853 -5.000 -5.114
3 16 33.912 -5.000 -6.535 33.455 -8.462 -6.939 32.969 -5.000 -5.699
3 16 32.622 -8.462 -6.202 32.969 -5.000 -5.699 33.455 -8.462 -6.939
3 16 34.087 -8.462 -7.855 33.455 -8.462 -6.939 34.627 -5.000 -7.571
3 16 35.074 -5.000 -8.749 34.481 -8.462 -8.895 34.627 -5.000 -7.571
3 16 34.087 -8.462 -7.855 34.627 -5.000 -7.571 34.481 -8.462 -8.895
3 16 34.615 -8.462 -10.000 34.481 -8.462 -8.895 35.226 -5.000 -10.000
3 16 35.074 -5.000 -11.251 34.481 -8.462 -11.105 35.226 -5.000 -10.000
3 16 34.615 -8.462 -10.000 35.226 -5.000 -10.000 34.481 -8.462 -11.105
3 16 34.627 -5.000 -12.429 34.087 -8.462 -12.145 35.074 -5.000 -11.251
3 16 33.912 -5.000 -13.465 33.455 -8.462 -13.061 34.627 -5.000 -12.429
3 16 34.087 -8.462 -12.145 34.627 -5.000 -12.429 33.455 -8.462 -13.061
3 16 32.969 -5.000 -14.301 32.622 -8.462 -13.798 33.912 -5.000 -13.465
3 16 31.853 -5.000 -14.886 31.637 -8.462 -14.315 32.969 -5.000 -14.301
3 16 32.622 -8.462 -13.798 32.969 -5.000 -14.301 31.637 -8.462 -14.315
3 16 30.556 -8.462 -14.582 31.637 -8.462 -14.315 30.630 -5.000 -15.188
3 16 29.370 -5.000 -15.188 29.444 -8.462 -14.582 30.630 -5.000 -15.188
3 16 30.556 -8.462 -14.582 30.630 -5.000 -15.188 29.444 -8.462 -14.582
3 16 28.147 -5.000 -14.886 28.363 -8.462 -14.315 29.370 -5.000 -15.188
3 16 27.031 -5.000 -14.301 27.378 -8.462 -13.798 28.147 -5.000 -14.886
3 16 28.363 -8.462 -14.315 28.147 -5.000 -14.886 27.378 -8.462 -13.798
3 16 26.088 -5.000 -13.465 26.545 -8.462 -13.061 27.031 -5.000 -14.301
3 16 25.373 -5.000 -12.429 25.913 -8.462 -12.145 26.088 -5.000 -13.465
3 16 26.545 -8.462 -13.061 26.088 -5.000 -13.465 25.913 -8.462 -12.145
3 16 24.926 -5.000 -11.251 25.519 -8.462 -11.105 25.373 -5.000 -12.429
3 16 25.385 -8.462 -10.000 25.519 -8.462 -11.105 24.774 -5.000 -10.000
3 16 24.926 -5.000 -11.251 24.774 -5.000 -10.000 25.519 -8.462 -11.105
3 16 25.913 -8.462 -12.145 25.373 -5.000 -12.429 25.519 -8.462 -11.105
3 16 27.378 -8.462 -13.798 27.031 -5.000 -14.301 26.545 -8.462 -13.061
3 16 29.444 -8.462 -14.582 29.370 -5.000 -15.188 28.363 -8.462 -14.315
3 16 31.853 -5.000 -14.886 30.630 -5.000 -15.188 31.637 -8.462 -14.315
3 16 33.455 -8.462 -13.061 33.912 -5.000 -13.465 32.622 -8.462 -13.798
3 16 34.481 -8.462 -11.105 35.074 -5.000 -11.251 34.087 -8.462 -12.145
3 16 35.074 -5.000 -8.749 35.226 -5.000 -10.000 34.481 -8.462 -8.895
3 16 33.912 -5.000 -6.535 34.627 -5.000 -7.571 33.455 -8.462 -6.939
3 16 31.637 -8.462 -5.685 31.853 -5.000 -5.114 32.622 -8.462 -6.202
3 16 29.444 -8.462 -5.418 29.370 -5.000 -4.812 30.556 -8.462 -5.418
3 16 27.031 -5.000 -5.699 28.147 -5.000 -5.114 27.378 -8.462 -6.202
3 16 25.373 -5.000 -7.571 26.088 -5.000 -6.535 25.913 -8.462 -7.855
3 16 25.385 -8.462 -10.000 24.774 -5.000 -10.000 25.519 -8.462 -8.895
3 16 34.615 -8.462 -10.000 34.481 -8.462 -11.105 34.615 -8.846 -10.000
3 16 34.087 -8.846 -12.145 34.615 -8.846 -10.000 34.481 -8.462 -11.105
3 16 34.087 -8.462 -12.145 33.455 -8.462 -13.061 34.087 -8.846 -12.145
3 16 32.622 -8.846 -13.798 34.087 -8.846 -12.145 33.455 -8.462 -13.061
3 16 32.622 -8.846 -13.798 31.637 -8.462 -14.315 30.556 -8.846 -14.582
3 16 32.622 -8.462 -13.798 31.637 -8.462 -14.315 32.622 -8.846 -13.798
3 16 30.556 -8.846 -14.582 29.444 -8.462 -14.582 28.363 -8.846 -14.315
3 16 30.556 -8.462 -14.582 29.444 -8.462 -14.582 30.556 -8.846 -14.582
3 16 28.363 -8.846 -14.315 27.378 -8.462 -13.798 26.545 -8.846 -13.061
3 16 28.363 -8.462 -14.315 27.378 -8.462 -13.798 28.363 -8.846 -14.315
3 16 26.545 -8.846 -13.061 25.913 -8.462 -12.145 25.519 -8.846 -11.105
3 16 26.545 -8.462 -13.061 25.913 -8.462 -12.145 26.545 -8.846 -13.061
3 16 25.519 -8.846 -11.105 25.385 -8.462 -10.000 25.519 -8.846 -8.895
3 16 25.519 -8.462 -11.105 25.385 -8.462 -10.000 25.519 -8.846 -11.105
3 16 25.519 -8.462 -8.895 25.913 -8.462 -7.855 25.519 -8.846 -8.895
3 16 26.545 -8.846 -6.939 25.519 -8.846 -8.895 25.913 -8.462 -7.855
3 16 26.545 -8.846 -6.939 27.378 -8.462 -6.202 28.363 -8.846 -5.685
3 16 26.545 -8.462 -6.939 27.378 -8.462 -6.202 26.545 -8.846 -6.939
3 16 28.363 -8.846 -5.685 29.444 -8.462 -5.418 30.556 -8.846 -5.418
3 16 28.363 -8.462 -5.685 29.444 -8.462 -5.418 28.363 -8.846 -5.685
3 16 30.556 -8.846 -5.418 31.637 -8.462 -5.685 32.622 -8.846 -6.202
3 16 30.556 -8.462 -5.418 31.637 -8.462 -5.685 30.556 -8.846 -5.418
3 16 32.622 -8.462 -6.202 33.455 -8.462 -6.939 32.622 -8.846 -6.202
3 16 34.087 -8.846 -7.855 32.622 -8.846 -6.202 33.455 -8.462 -6.939
3 16 34.087 -8.846 -7.855 34.481 -8.462 -8.895 34.615 -8.846 -10.000
3 16 34.087 -8.462 -7.855 34.481 -8.462 -8.895 34.087 -8.846 -7.855
3 16 34.615 -8.462 -10.000 34.615 -8.846 -10.000 34.481 -8.462 -8.895
3 16 34.087 -8.462 -7.855 34.087 -8.846 -7.855 33.455 -8.462 -6.939
3 16 32.622 -8.462 -6.202 32.622 -8.846 -6.202 31.637 -8.462 -5.685
3 16 30.556 -8.462 -5.418 30.556 -8.846 -5.418 29.444 -8.462 -5.418
3 16 28.363 -8.462 -5.685 28.363 -8.846 -5.685 27.378 -8.462 -6.202
3 16 26.545 -8.462 -6.939 26.545 -8.846 -6.939 25.913 -8.462 -7.855
3 16 25.519 -8.462 -8.895 25.519 -8.846 -8.895 25.385 -8.462 -10.000
3 16 25.519 -8.462 -11.105 25.519 -8.846 -11.105 25.913 -8.462 -12.145
3 16 26.545 -8.462 -13.061 26.545 -8.846 -13.061 27.378 -8.462 -13.798
3 16 28.363 -8.462 -14.315 28.363 -8.846 -14.315 29.444 -8.462 -14.582
3 16 30.556 -8.462 -14.582 30.556 -8.846 -14.582 31.637 -8.462 -14.315
3 16 32.622 -8.462 -13.798 32.622 -8.846 -13.798 33.455 -8.462 -13.061
3 16 34.087 -8.462 -12.145 34.087 -8.846 -12.145 34.481 -8.462 -11.105
3 16 35.108 -10.000 -7.319 34.087 -8.846 -7.855 35.769 -10.000 -10.000
3 16 33.277 -10.000 -5.252 32.622 -8.846 -6.202 35.108 -10.000 -7.319
3 16 30.695 -10.000 -4.273 30.556 -8.846 -5.418 33.277 -10.000 -5.252
3 16 27.954 -10.000 -4.606 28.363 -8.846 -5.685 30.695 -10.000 -4.273
3 16 25.682 -10.000 -6.174 26.545 -8.846 -6.939 27.954 -10.000 -4.606
3 16 24.398 -10.000 -8.619 25.519 -8.846 -8.895 25.682 -10.000 -6.174
3 16 24.398 -10.000 -11.381 25.519 -8.846 -11.105 24.398 -10.000 -8.619
3 16 25.682 -10.000 -13.826 26.545 -8.846 -13.061 24.398 -10.000 -11.381
3 16 27.954 -10.000 -15.394 28.363 -8.846 -14.315 25.682 -10.000 -13.826
3 16 30.695 -10.000 -15.727 30.556 -8.846 -14.582 27.954 -10.000 -15.394
3 16 33.277 -10.000 -14.748 32.622 -8.846 -13.798 30.695 -10.000 -15.727
3 16 35.108 -10.000 -12.681 34.087 -8.846 -12.145 33.277 -10.000 -14.748
3 16 35.769 -10.000 -10.000 34.615 -8.846 -10.000 35.108 -10.000 -12.681
3 16 34.087 -8.846 -12.145 35.108 -10.000 -12.681 34.615 -8.846 -10.000
3 16 32.622 -8.846 -13.798 33.277 -10.000 -14.748 34.087 -8.846 -12.145
3 16 30.556 -8.846 -14.582 30.695 -10.000 -15.727 32.622 -8.846 -13.798
3 16 28.363 -8.846 -14.315 27.954 -10.000 -15.394 30.556 -8.846 -14.582
3 16 26.545 -8.846 -13.061 25.682 -10.000 -13.826 28.363 -8.846 -14.315
3 16 25.519 -8.846 -11.105 24.398 -10.000 -11.381 26.545 -8.846 -13.061
3 16 25.519 -8.846 -8.895 24.398 -10.000 -8.619 25.519 -8.846 -11.105
3 16 26.545 -8.846 -6.939 25.682 -10.000 -6.174 25.519 -8.846 -8.895
3 16 28.363 -8.846 -5.685 27.954 -10.000 -4.606 26.545 -8.846 -6.939
3 16 30.556 -8.846 -5.418 30.695 -10.000 -4.273 28.363 -8.846 -5.685
3 16 32.622 -8.846 -6.202 33.277 -10.000 -5.252 30.556 -8.846 -5.418
3 16 34.087 -8.846 -7.855 35.108 -10.000 -7.319 32.622 -8.846 -6.202
3 16 34.615 -8.846 -10.000 35.769 -10.000 -10.000 34.087 -8.846 -7.855
3 16 -17.692 -10.000 -37.692 -16.731 -10.000 -37.692 -17.692 -10.000 -36.731
3 16 -16.731 -10.000 -37.692 0.000 -10.000 -37.692 -16.731 -10.000 -36.731
3 16 0.000 -10.000 -37.692 20.000 -10.000 -37.692 0.000 -10.000 -36.731
3 16 20.000 -10.000 -37.692 37.692 -10.000 -37.692 20.000 -10.000 -36.731
3 16 -17.692 -10.000 -36.731 -16.731 -10.000 -36.731 -17.692 -10.000 -20.000
3 16 0.000 -10.000 -36.731 -9.305 -10.000 -35.727 -16.731 -10.000 -36.731
3 16 -12.046 -10.000 -24.606 -9.305 -10.000 -24.273 -16.731 -10.000 -20.000
3 16 -12.046 -10.000 -35.394 -16.731 -10.000 -36.731 -9.305 -10.000 -35.727
3 16 0.000 -10.000 -20.000 -16.731 -10.000 -20.000 -9.305 -10.000 -24.273
3 16 -6.723 -10.000 -34.748 -9.305 -10.000 -35.727 0.000 -10.000 -36.731
3 16 -4.892 -10.000 -27.319 -4.231 -10.000 -30.000 0.000 -10.000 -20.000
3 16 -6.723 -10.000 -25.252 0.000 -10.000 -20.000 -9.305 -10.000 -24.273
3 16 -15.602 -10.000 -28.619 -14.318 -10.000 -26.174 -16.731 -10.000 -20.000
3 16 -15.602 -10.000 -31.381 -15.602 -10.000 -28.619 -16.731 -10.000 -36.731
3 16 -4.892 -10.000 -32.681 -6.723 -10.000 -34.748 0.000 -10.000 -36.731
3 16 -4.892 -10.000 -27.319 0.000 -10.000 -20.000 -6.723 -10.000 -25.252
3 16 -16.731 -10.000 -20.000 -16.731 -10.000 -36.731 -15.602 -10.000 -28.619
3 16 -14.318 -10.000 -33.826 -16.731 -10.000 -36.731 -12.046 -10.000 -35.394
3 16 -12.046 -10.000 -24.606 -16.731 -10.000 -20.000 -14.318 -10.000 -26.174
3 16 -4.231 -10.000 -30.000 -4.892 -10.000 -32.681 0.000 -10.000 -36.731
3 16 -15.602 -10.000 -31.381 -16.731 -10.000 -36.731 -14.318 -10.000 -33.826
3 16 20.000 -10.000 -36.731 10.695 -10.000 -35.727 0.000 -10.000 -36.731
3 16 7.954 -10.000 -24.606 10.695 -10.000 -24.273 0.000 -10.000 -20.000
3 16 4.398 -10.000 -31.381 4.398 -10.000 -28.619 0.000 -10.000 -36.731
3 16 7.954 -10.000 -35.394 0.000 -10.000 -36.731 10.695 -10.000 -35.727
3 16 15.108 -10.000 -32.681 13.277 -10.000 -34.748 20.000 -10.000 -36.731
3 16 20.000 -10.000 -20.000 0.000 -10.000 -20.000 10.695 -10.000 -24.273
3 16 5.682 -10.000 -33.826 4.398 -10.000 -31.381 0.000 -10.000 -36.731
3 16 10.695 -10.000 -35.727 20.000 -10.000 -36.731 13.277 -10.000 -34.748
3 16 15.108 -10.000 -27.319 15.769 -10.000 -30.000 20.000 -10.000 -20.000
3 16 13.277 -10.000 -25.252 20.000 -10.000 -20.000 10.695 -10.000 -24.273
3 16 4.398 -10.000 -28.619 5.682 -10.000 -26.174 0.000 -10.000 -20.000
3 16 5.682 -10.000 -33.826 0.000 -10.000 -36.731 7.954 -10.000 -35.394
3 16 15.108 -10.000 -27.319 20.000 -10.000 -20.000 13.277 -10.000 -25.252
3 16 0.000 -10.000 -20.000 0.000 -10.000 -36.731 4.398 -10.000 -28.619
3 16 7.954 -10.000 -24.606 0.000 -10.000 -20.000 5.682 -10.000 -26.174
3 16 15.769 -10.000 -30.000 15.108 -10.000 -32.681 20.000 -10.000 -36.731
3 16 35.108 -10.000 -27.319 35.769 -10.000 -30.000 37.692 -10.000 -20.000
3 16 27.954 -10.000 -24.606 30.695 -10.000 -24.273 20.000 -10.000 -20.000
3 16 24.398 -10.000 -31.381 24.398 -10.000 -28.619 20.000 -10.000 -36.731
3 16 37.692 -10.000 -36.731 30.695 -10.000 -35.727 20.000 -10.000 -36.731
3 16 33.277 -10.000 -25.252 35.108 -10.000 -27.319 37.692 -10.000 -20.000
3 16 37.692 -10.000 -20.000 20.000 -10.000 -20.000 30.695 -10.000 -24.273
3 16 25.682 -10.000 -33.826 24.398 -10.000 -31.381 20.000 -10.000 -36.731
3 16 33.277 -10.000 -34.748 30.695 -10.000 -35.727 37.692 -10.000 -36.731
3 16 33.277 -10.000 -25.252 37.692 -10.000 -20.000 30.695 -10.000 -24.273
3 16 24.398 -10.000 -28.619 25.682 -10.000 -26.174 20.000 -10.000 -20.000
3 16 27.954 -10.000 -35.394 25.682 -10.000 -33.826 20.000 -10.000 -36.731
3 16 35.108 -10.000 -32.681 33.277 -10.000 -34.748 37.692 -10.000 -36.731
3 16 27.954 -10.000 -24.606 20.000 -10.000 -20.000 25.682 -10.000 -26.174
3 16 27.954 -10.000 -35.394 20.000 -10.000 -36.731 30.695 -10.000 -35.727
3 16 20.000 -10.000 -20.000 20.000 -10.000 -36.731 24.398 -10.000 -28.619
3 16 35.769 -10.000 -30.000 35.108 -10.000 -32.681 37.692 -10.000 -36.731
3 16 -17.692 -10.000 -20.000 -16.731 -10.000 -20.000 -17.692 -10.000 -10.000
3 16 -17.692 -10.000 -10.000 -16.731 -10.000 -10.000 -17.692 -10.000 -2.308
3 16 37.692 -10.000 -20.000 30.695 -10.000 -15.727 20.000 -10.000 -20.000
3 16 35.769 -10.000 -10.000 35.108 -10.000 -12.681 37.692 -10.000 -10.000
3 16 25.682 -10.000 -13.826 24.398 -10.000 -11.381 20.000 -10.000 -20.000
3 16 33.277 -10.000 -14.748 30.695 -10.000 -15.727 37.692 -10.000 -20.000
3 16 37.692 -10.000 -20.000 37.692 -10.000 -10.000 35.108 -10.000 -12.681
3 16 27.954 -10.000 -15.394 25.682 -10.000 -13.826 20.000 -10.000 -20.000
3 16 33.277 -10.000 -14.748 37.692 -10.000 -20.000 35.108 -10.000 -12.681
3 16 27.954 -10.000 -15.394 20.000 -10.000 -20.000 30.695 -10.000 -15.727
3 16 37.692 -10.000 -2.308 35.108 -10.000 -7.319 37.692 -10.000 -10.000
3 16 27.954 -10.000 -4.606 30.695 -10.000 -4.273 20.000 -10.000 -2.308
3 16 33.277 -10.000 -5.252 35.108 -10.000 -7.319 37.692 -10.000 -2.308
3 16 37.692 -10.000 -2.308 20.000 -10.000 -2.308 30.695 -10.000 -4.273
3 16 20.000 -10.000 -10.000 24.398 -10.000 -8.619 20.000 -10.000 -2.308
3 16 33.277 -10.000 -5.252 37.692 -10.000 -2.308 30.695 -10.000 -4.273
3 16 25.682 -10.000 -6.174 20.000 -10.000 -2.308 24.398 -10.000 -8.619
3 16 27.954 -10.000 -4.606 20.000 -10.000 -2.308 25.682 -10.000 -6.174
3 16 24.398 -10.000 -11.381 24.398 -10.000 -8.619 20.000 -10.000 -10.000
3 16 20.000 -10.000 -20.000 10.695 -10.000 -15.727 0.000 -10.000 -20.000
3 16 13.277 -10.000 -14.748 10.695 -10.000 -15.727 20.000 -10.000 -20.000
3 16 15.108 -10.000 -12.681 13.277 -10.000 -14.748 20.000 -10.000 -20.000
3 16 5.682 -10.000 -13.826 4.398 -10.000 -11.381 0.000 -10.000 -20.000
3 16 7.954 -10.000 -15.394 0.000 -10.000 -20.000 10.695 -10.000 -15.727
3 16 5.682 -10.000 -13.826 0.000 -10.000 -20.000 7.954 -10.000 -15.394
3 16 15.769 -10.000 -10.000 15.108 -10.000 -12.681 20.000 -10.000 -10.000
3 16 20.000 -10.000 -20.000 20.000 -10.000 -10.000 15.108 -10.000 -12.681
3 16 7.954 -10.000 -4.606 10.695 -10.000 -4.273 0.000 -10.000 -2.308
3 16 20.000 -10.000 -2.308 0.000 -10.000 -2.308 10.695 -10.000 -4.273
3 16 20.000 -10.000 -2.308 15.108 -10.000 -7.319 20.000 -10.000 -10.000
3 16 13.277 -10.000 -5.252 20.000 -10.000 -2.308 10.695 -10.000 -4.273
3 16 0.000 -10.000 -10.000 4.398 -10.000 -8.619 0.000 -10.000 -2.308
3 16 15.108 -10.000 -7.319 20.000 -10.000 -2.308 13.277 -10.000 -5.252
3 16 5.682 -10.000 -6.174 0.000 -10.000 -2.308 4.398 -10.000 -8.619
3 16 7.954 -10.000 -4.606 0.000 -10.000 -2.308 5.682 -10.000 -6.174
3 16 4.398 -10.000 -11.381 4.398 -10.000 -8.619 0.000 -10.000 -10.000
3 16 0.000 -10.000 -20.000 -9.305 -10.000 -15.727 -16.731 -10.000 -20.000
3 16 -6.723 -10.000 -14.748 -9.305 -10.000 -15.727 0.000 -10.000 -20.000
3 16 -12.046 -10.000 -15.394 -16.731 -10.000 -20.000 -9.305 -10.000 -15.727
3 16 -4.892 -10.000 -12.681 -6.723 -10.000 -14.748 0.000 -10.000 -20.000
3 16 -4.231 -10.000 -10.000 -4.892 -10.000 -12.681 0.000 -10.000 -10.000
3 16 -14.318 -10.000 -13.826 -15.602 -10.000 -11.381 -16.731 -10.000 -20.000
3 16 0.000 -10.000 -20.000 0.000 -10.000 -10.000 -4.892 -10.000 -12.681
3 16 -14.318 -10.000 -13.826 -16.731 -10.000 -20.000 -12.046 -10.000 -15.394
3 16 -12.046 -10.000 -4.606 -9.305 -10.000 -4.273 -16.731 -10.000 -2.308
3 16 0.000 -10.000 -2.308 -16.731 -10.000 -2.308 -9.305 -10.000 -4.273
3 16 -16.731 -10.000 -10.000 -15.602 -10.000 -8.619 -16.731 -10.000 -2.308
3 16 0.000 -10.000 -2.308 -4.892 -10.000 -7.319 0.000 -10.000 -10.000
3 16 -6.723 -10.000 -5.252 0.000 -10.000 -2.308 -9.305 -10.000 -4.273
3 16 -14.318 -10.000 -6.174 -16.731 -10.000 -2.308 -15.602 -10.000 -8.619
3 16 -4.892 -10.000 -7.319 0.000 -10.000 -2.308 -6.723 -10.000 -5.252
3 16 -15.602 -10.000 -11.381 -15.602 -10.000 -8.619 -16.731 -10.000 -10.000
3 16 -12.046 -10.000 -4.606 -16.731 -10.000 -2.308 -14.318 -10.000 -6.174
3 16 -4.231 -10.000 -10.000 0.000 -10.000 -10.000 -4.892 -10.000 -7.319
3 16 -16.731 -10.000 -10.000 -16.731 -10.000 -20.000 -15.602 -10.000 -11.381
3 16 15.769 -10.000 -10.000 20.000 -10.000 -10.000 15.108 -10.000 -7.319
3 16 0.000 -10.000 -10.000 0.000 -10.000 -20.000 4.398 -10.000 -11.381
3 16 35.769 -10.000 -10.000 37.692 -10.000 -10.000 35.108 -10.000 -7.319
3 16 20.000 -10.000 -10.000 20.000 -10.000 -20.000 24.398 -10.000 -11.381
3 16 -16.731 -10.000 -2.308 -17.692 -10.000 -2.308 -16.731 -10.000 -10.000
3 16 -16.731 -10.000 -10.000 -17.692 -10.000 -10.000 -16.731 -10.000 -20.000
3 16 37.692 -10.000 -36.731 37.692 -10.000 -20.000 35.769 -10.000 -30.000
3 16 20.000 -10.000 -36.731 20.000 -10.000 -20.000 15.769 -10.000 -30.000
3 16 0.000 -10.000 -36.731 0.000 -10.000 -20.000 -4.231 -10.000 -30.000
3 16 -16.731 -10.000 -20.000 -17.692 -10.000 -20.000 -16.731 -10.000 -36.731
3 16 37.692 -10.000 -36.731 20.000 -10.000 -36.731 37.692 -10.000 -37.692
3 16 20.000 -10.000 -36.731 0.000 -10.000 -36.731 20.000 -10.000 -37.692
3 16 0.000 -10.000 -36.731 -16.731 -10.000 -36.731 0.000 -10.000 -37.692
3 16 -16.731 -10.000 -36.731 -17.692 -10.000 -36.731 -16.731 -10.000 -37.692
3 16 15.108 -10.000 -7.319 14.087 -8.846 -7.855 15.769 -10.000 -10.000
3 16 13.277 -10.000 -5.252 12.622 -8.846 -6.202 15.108 -10.000 -7.319
3 16 10.695 -10.000 -4.273 10.556 -8.846 -5.418 13.277 -10.000 -5.252
3 16 7.954 -10.000 -4.606 8.363 -8.846 -5.685 10.695 -10.000 -4.273
3 16 5.682 -10.000 -6.174 6.545 -8.846 -6.939 7.954 -10.000 -4.606
3 16 4.398 -10.000 -8.619 5.519 -8.846 -8.895 5.682 -10.000 -6.174
3 16 4.398 -10.000 -11.381 5.519 -8.846 -11.105 4.398 -10.000 -8.619
3 16 5.682 -10.000 -13.826 6.545 -8.846 -13.061 4.398 -10.000 -11.381
3 16 7.954 -10.000 -15.394 8.363 -8.846 -14.315 5.682 -10.000 -13.826
3 16 10.695 -10.000 -15.727 10.556 -8.846 -14.582 7.954 -10.000 -15.394
3 16 13.277 -10.000 -14.748 12.622 -8.846 -13.798 10.695 -10.000 -15.727
3 16 15.108 -10.000 -12.681 14.087 -8.846 -12.145 13.277 -10.000 -14.748
3 16 15.769 -10.000 -10.000 14.615 -8.846 -10.000 15.108 -10.000 -12.681
3 16 14.087 -8.846 -12.145 15.108 -10.000 -12.681 14.615 -8.846 -10.000
3 16 12.622 -8.846 -13.798 13.277 -10.000 -14.748 14.087 -8.846 -12.145
3 16 10.556 -8.846 -14.582 10.695 -10.000 -15.727 12.622 -8.846 -13.798
3 16 8.363 -8.846 -14.315 7.954 -10.000 -15.394 10.556 -8.846 -14.582
3 16 6.545 -8.846 -13.061 5.682 -10.000 -13.826 8.363 -8.846 -14.315
3 16 5.519 -8.846 -11.105 4.398 -10.000 -11.381 6.545 -8.846 -13.061
3 16 5.519 -8.846 -8.895 4.398 -10.000 -8.619 5.519 -8.846 -11.105
3 16 6.545 -8.846 -6.939 5.682 -10.000 -6.174 5.519 -8.846 -8.895
3 16 8.363 -8.846 -5.685 7.954 -10.000 -4.606 6.545 -8.846 -6.939
3 16 10.556 -8.846 -5.418 10.695 -10.000 -4.273 8.363 -8.846 -5.685
3 16 12.622 -8.846 -6.202 13.277 -10.000 -5.252 10.556 -8.846 -5.418
3 16 14.087 -8.846 -7.855 15.108 -10.000 -7.319 12.622 -8.846 -6.202
3 16 14.615 -8.846 -10.000 15.769 -10.000 -10.000 14.087 -8.846 -7.855
3 16 14.615 -8.846 -10.000 14.481 -8.462 -11.105 14.087 -8.846 -12.145
3 16 14.615 -8.462 -10.000 14.481 -8.462 -11.105 14.615 -8.846 -10.000
3 16 14.087 -8.846 -12.145 13.455 -8.462 -13.061 12.622 -8.846 -13.798
3 16 14.087 -8.462 -12.145 13.455 -8.462 -13.061 14.087 -8.846 -12.145
3 16 12.622 -8.846 -13.798 11.637 -8.462 -14.315 10.556 -8.846 -14.582
3 16 12.622 -8.462 -13.798 11.637 -8.462 -14.315 12.622 -8.846 -13.798
3 16 10.556 -8.846 -14.582 9.444 -8.462 -14.582 8.363 -8.846 -14.315
3 16 10.556 -8.462 -14.582 9.444 -8.462 -14.582 10.556 -8.846 -14.582
3 16 8.363 -8.846 -14.315 7.378 -8.462 -13.798 6.545 -8.846 -13.061
3 16 8.363 -8.462 -14.315 7.378 -8.462 -13.798 8.363 -8.846 -14.315
3 16 6.545 -8.846 -13.061 5.913 -8.462 -12.145 5.519 -8.846 -11.105
3 16 6.545 -8.462 -13.061 5.913 -8.462 -12.145 6.545 -8.846 -13.061
3 16 5.519 -8.846 -11.105 5.385 -8.462 -10.000 5.519 -8.846 -8.895
3 16 5.519 -8.462 -11.105 5.385 -8.462 -10.000 5.519 -8.846 -11.105
3 16 5.519 -8.462 -8.895 5.913 -8.462 -7.855 5.519 -8.846 -8.895
3 16 6.545 -8.846 -6.939 5.519 -8.846 -8.895 5.913 -8.462 -7.855
3 16 6.545 -8.846 -6.939 7.378 -8.462 -6.202 8.363 -8.846 -5.685
3 16 6.545 -8.462 -6.939 7.378 -8.462 -6.202 6.545 -8.846 -6.939
3 16 8.363 -8.462 -5.685 9.444 -8.462 -5.418 8.363 -8.846 -5.685
3 16 10.556 -8.846 -5.418 8.363 -8.846 -5.685 9.444 -8.462 -5.418
3 16 10.556 -8.462 -5.418 11.637 -8.462 -5.685 10.556 -8.846 -5.418
3 16 12.622 -8.846 -6.202 10.556 -8.846 -5.418 11.637 -8.462 -5.685
3 16 12.622 -8.846 -6.202 13.455 -8.462 -6.939 14.087 -8.846 -7.855
3 16 12.622 -8.462 -6.202 13.455 -8.462 -6.939 12.622 -8.846 -6.202
3 16 14.087 -8.846 -7.855 14.481 -8.462 -8.895 14.615 -8.846 -10.000
3 16 14.087 -8.462 -7.855 14.481 -8.462 -8.895 14.087 -8.846 -7.855
3 16 14.615 -8.462 -10.000 14.615 -8.846 -10.000 14.481 -8.462 -8.895
3 16 14.087 -8.462 -7.855 14.087 -8.846 -7.855 13.455 -8.462 -6.939
3 16 12.622 -8.462 -6.202 12.622 -8.846 -6.202 11.637 -8.462 -5.685
3 16 10.556 -8.462 -5.418 10.556 -8.846 -5.418 9.444 -8.462 -5.418
3 16 8.363 -8.462 -5.685 8.363 -8.846 -5.685 7.378 -8.462 -6.202
3 16 6.545 -8.462 -6.939 6.545 -8.846 -6.939 5.913 -8.462 -7.855
3 16 5.519 -8.462 -8.895 5.519 -8.846 -8.895 5.385 -8.462 -10.000
3 16 5.519 -8.462 -11.105 5.519 -8.846 -11.105 5.913 -8.462 -12.145
3 16 6.545 -8.462 -13.061 6.545 -8.846 -13.061 7.378 -8.462 -13.798
3 16 8.363 -8.462 -14.315 8.363 -8.846 -14.315 9.444 -8.462 -14.582
3 16 10.556 -8.462 -14.582 10.556 -8.846 -14.582 11.637 -8.462 -14.315
3 16 12.622 -8.462 -13.798 12.622 -8.846 -13.798 13.455 -8.462 -13.061
3 16 14.087 -8.462 -12.145 14.087 -8.846 -12.145 14.481 -8.462 -11.105
3 16 4.926 -5.000 -8.749 5.519 -8.462 -8.895 4.774 -5.000 -10.000
3 16 5.913 -8.462 -7.855 5.519 -8.462 -8.895 5.373 -5.000 -7.571
3 16 4.926 -5.000 -8.749 5.373 -5.000 -7.571 5.519 -8.462 -8.895
3 16 6.545 -8.462 -6.939 5.913 -8.462 -7.855 6.088 -5.000 -6.535
3 16 7.378 -8.462 -6.202 6.545 -8.462 -6.939 7.031 -5.000 -5.699
3 16 6.088 -5.000 -6.535 7.031 -5.000 -5.699 6.545 -8.462 -6.939
3 16 8.147 -5.000 -5.114 8.363 -8.462 -5.685 7.031 -5.000 -5.699
3 16 9.370 -5.000 -4.812 9.444 -8.462 -5.418 8.147 -5.000 -5.114
3 16 8.363 -8.462 -5.685 8.147 -5.000 -5.114 9.444 -8.462 -5.418
3 16 10.630 -5.000 -4.812 10.556 -8.462 -5.418 9.370 -5.000 -4.812
3 16 11.853 -5.000 -5.114 11.637 -8.462 -5.685 10.630 -5.000 -4.812
3 16 10.556 -8.462 -5.418 10.630 -5.000 -4.812 11.637 -8.462 -5.685
3 16 12.622 -8.462 -6.202 11.637 -8.462 -5.685 12.969 -5.000 -5.699
3 16 13.455 -8.462 -6.939 12.622 -8.462 -6.202 13.912 -5.000 -6.535
3 16 12.969 -5.000 -5.699 13.912 -5.000 -6.535 12.622 -8.462 -6.202
3 16 14.087 -8.462 -7.855 13.455 -8.462 -6.939 14.627 -5.000 -7.571
3 16 15.074 -5.000 -8.749 14.481 -8.462 -8.895 14.627 -5.000 -7.571
3 16 14.087 -8.462 -7.855 14.627 -5.000 -7.571 14.481 -8.462 -8.895
3 16 14.615 -8.462 -10.000 14.481 -8.462 -8.895 15.226 -5.000 -10.000
3 16 15.074 -5.000 -11.251 14.481 -8.462 -11.105 15.226 -5.000 -10.000
3 16 14.615 -8.462 -10.000 15.226 -5.000 -10.000 14.481 -8.462 -11.105
3 16 14.087 -8.462 -12.145 14.481 -8.462 -11.105 14.627 -5.000 -12.429
3 16 13.455 -8.462 -13.061 14.087 -8.462 -12.145 13.912 -5.000 -13.465
3 16 14.627 -5.000 -12.429 13.912 -5.000 -13.465 14.087 -8.462 -12.145
3 16 12.969 -5.000 -14.301 12.622 -8.462 -13.798 13.912 -5.000 -13.465
3 16 11.853 -5.000 -14.886 11.637 -8.462 -14.315 12.969 -5.000 -14.301
3 16 12.622 -8.462 -13.798 12.969 -5.000 -14.301 11.637 -8.462 -14.315
3 16 10.556 -8.462 -14.582 11.637 -8.462 -14.315 10.630 -5.000 -15.188
3 16 9.370 -5.000 -15.188 9.444 -8.462 -14.582 10.630 -5.000 -15.188
3 16 10.556 -8.462 -14.582 10.630 -5.000 -15.188 9.444 -8.462 -14.582
3 16 8.363 -8.462 -14.315 9.444 -8.462 -14.582 8.147 -5.000 -14.886
3 16 7.378 -8.462 -13.798 8.363 -8.462 -14.315 7.031 -5.000 -14.301
3 16 8.147 -5.000 -14.886 7.031 -5.000 -14.301 8.363 -8.462 -14.315
3 16 6.088 -5.000 -13.465 6.545 -8.462 -13.061 7.031 -5.000 -14.301
3 16 5.373 -5.000 -12.429 5.913 -8.462 -12.145 6.088 -5.000 -13.465
3 16 6.545 -8.462 -13.061 6.088 -5.000 -13.465 5.913 -8.462 -12.145
3 16 4.926 -5.000 -11.251 5.519 -8.462 -11.105 5.373 -5.000 -12.429
3 16 5.385 -8.462 -10.000 5.519 -8.462 -11.105 4.774 -5.000 -10.000
3 16 4.926 -5.000 -11.251 4.774 -5.000 -10.000 5.519 -8.462 -11.105
3 16 5.913 -8.462 -12.145 5.373 -5.000 -12.429 5.519 -8.462 -11.105
3 16 7.378 -8.462 -13.798 7.031 -5.000 -14.301 6.545 -8.462 -13.061
3 16 9.370 -5.000 -15.188 8.147 -5.000 -14.886 9.444 -8.462 -14.582
3 16 11.853 -5.000 -14.886 10.630 -5.000 -15.188 11.637 -8.462 -14.315
3 16 13.455 -8.462 -13.061 13.912 -5.000 -13.465 12.622 -8.462 -13.798
3 16 15.074 -5.000 -11.251 14.627 -5.000 -12.429 14.481 -8.462 -11.105
3 16 15.074 -5.000 -8.749 15.226 -5.000 -10.000 14.481 -8.462 -8.895
3 16 13.912 -5.000 -6.535 14.627 -5.000 -7.571 13.455 -8.462 -6.939
3 16 11.853 -5.000 -5.114 12.969 -5.000 -5.699 11.637 -8.462 -5.685
3 16 9.444 -8.462 -5.418 9.370 -5.000 -4.812 10.556 -8.462 -5.418
3 16 7.378 -8.462 -6.202 7.031 -5.000 -5.699 8.363 -8.462 -5.685
3 16 5.373 -5.000 -7.571 6.088 -5.000 -6.535 5.913 -8.462 -7.855
3 16 5.385 -8.462 -10.000 4.774 -5.000 -10.000 5.519 -8.462 -8.895
3 16 14.615 -1.538 -10.000 15.074 -5.000 -8.749 14.087 -1.538 -7.855
3 16 15.226 -5.000 -10.000 15.074 -5.000 -8.749 14.615 -1.538 -10.000
3 16 14.627 -5.000 -7.571 13.912 -5.000 -6.535 14.087 -1.538 -7.855
3 16 12.622 -1.538 -6.202 14.087 -1.538 -7.855 13.912 -5.000 -6.535
3 16 12.622 -1.538 -6.202 11.853 -5.000 -5.114 10.556 -1.538 -5.418
3 16 12.969 -5.000 -5.699 11.853 -5.000 -5.114 12.622 -1.538 -6.202
3 16 10.630 -5.000 -4.812 9.370 -5.000 -4.812 10.556 -1.538 -5.418
3 16 8.363 -1.538 -5.685 10.556 -1.538 -5.418 9.370 -5.000 -4.812
3 16 8.147 -5.000 -5.114 7.031 -5.000 -5.699 8.363 -1.538 -5.685
3 16 6.545 -1.538 -6.939 8.363 -1.538 -5.685 7.031 -5.000 -5.699
3 16 6.088 -5.000 -6.535 5.373 -5.000 -7.571 6.545 -1.538 -6.939
3 16 5.519 -1.538 -8.895 6.545 -1.538 -6.939 5.373 -5.000 -7.571
3 16 5.519 -1.538 -8.895 4.774 -5.000 -10.000 5.519 -1.538 -11.105
3 16 4.926 -5.000 -8.749 4.774 -5.000 -10.000 5.519 -1.538 -8.895
3 16 4.926 -5.000 -11.251 5.373 -5.000 -12.429 5.519 -1.538 -11.105
3 16 6.545 -1.538 -13.061 5.519 -1.538 -11.105 5.373 -5.000 -12.429
3 16 6.088 -5.000 -13.465 7.031 -5.000 -14.301 6.545 -1.538 -13.061
3 16 8.363 -1.538 -14.315 6.545 -1.538 -13.061 7.031 -5.000 -14.301
3 16 8.147 -5.000 -14.886 9.370 -5.000 -15.188 8.363 -1.538 -14.315
3 16 10.556 -1.538 -14.582 8.363 -1.538 -14.315 9.370 -5.000 -15.188
3 16 10.630 -5.000 -15.188 11.853 -5.000 -14.886 10.556 -1.538 -14.582
3 16 12.622 -1.538 -13.798 10.556 -1.538 -14.582 11.853 -5.000 -14.886
3 16 12.969 -5.000 -14.301 13.912 -5.000 -13.465 12.622 -1.538 -13.798
3 16 14.087 -1.538 -12.145 12.622 -1.538 -13.798 13.912 -5.000 -13.465
3 16 14.627 -5.000 -12.429 15.074 -5.000 -11.251 14.087 -1.538 -12.145
3 16 14.615 -1.538 -10.000 14.087 -1.538 -12.145 15.074 -5.000 -11.251
3 16 15.226 -5.000 -10.000 14.615 -1.538 -10.000 15.074 -5.000 -11.251
3 16 14.627 -5.000 -12.429 14.087 -1.538 -12.145 13.912 -5.000 -13.465
3 16 12.969 -5.000 -14.301 12.622 -1.538 -13.798 11.853 -5.000 -14.886
3 16 10.630 -5.000 -15.188 10.556 -1.538 -14.582 9.370 -5.000 -15.188
3 16 8.147 -5.000 -14.886 8.363 -1.538 -14.315 7.031 -5.000 -14.301
3 16 6.088 -5.000 -13.465 6.545 -1.538 -13.061 5.373 -5.000 -12.429
3 16 4.926 -5.000 -11.251 5.519 -1.538 -11.105 4.774 -5.000 -10.000
3 16 4.926 -5.000 -8.749 5.519 -1.538 -8.895 5.373 -5.000 -7.571
3 16 6.088 -5.000 -6.535 6.545 -1.538 -6.939 7.031 -5.000 -5.699
3 16 8.147 -5.000 -5.114 8.363 -1.538 -5.685 9.370 -5.000 -4.812
3 16 10.630 -5.000 -4.812 10.556 -1.538 -5.418 11.853 -5.000 -5.114
3 16 12.969 -5.000 -5.699 12.622 -1.538 -6.202 13.912 -5.000 -6.535
3 16 14.627 -5.000 -7.571 14.087 -1.538 -7.855 15.074 -5.000 -8.749
3 16 14.087 -1.538 -7.855 12.622 -1.538 -6.202 10.000 -1.538 -10.000
3 16 10.556 -1.538 -5.418 10.000 -1.538 -10.000 12.622 -1.538 -6.202
3 16 8.363 -1.538 -5.685 10.000 -1.538 -10.000 10.556 -1.538 -5.418
3 16 6.545 -1.538 -6.939 10.000 -1.538 -10.000 8.363 -1.538 -5.685
3 16 5.519 -1.538 -8.895 10.000 -1.538 -10.000 6.545 -1.538 -6.939
3 16 5.519 -1.538 -11.105 10.000 -1.538 -10.000 5.519 -1.538 -8.895
3 16 6.545 -1.538 -13.061 10.000 -1.538 -10.000 5.519 -1.538 -11.105
3 16 8.363 -1.538 -14.315 10.000 -1.538 -10.000 6.545 -1.538 -13.061
3 16 10.556 -1.538 -14.582 10.000 -1.538 -10.000 8.363 -1.538 -14.315
3 16 12.622 -1.538 -13.798 10.000 -1.538 -10.000 10.556 -1.538 -14.582
3 16 14.087 -1.538 -12.145 10.000 -1.538 -10.000 12.622 -1.538 -13.798
3 16 14.615 -1.538 -10.000 10.000 -1.538 -10.000 14.087 -1.538 -12.145
3 16 14.087 -1.538 -7.855 10.000 -1.538 -10.000 14.615 -1.538 -10.000
3 16 -4.892 -10.000 -7.319 -5.913 -8.846 -7.855 -4.231 -10.000 -10.000
3 16 -6.723 -10.000 -5.252 -7.378 -8.846 -6.202 -4.892 -10.000 -7.319
3 16 -9.305 -10.000 -4.273 -9.444 -8.846 -5.418 -6.723 -10.000 -5.252
3 16 -12.046 -10.000 -4.606 -11.637 -8.846 -5.685 -9.305 -10.000 -4.273
3 16 -14.318 -10.000 -6.174 -13.455 -8.846 -6.939 -12.046 -10.000 -4.606
3 16 -15.602 -10.000 -8.619 -14.481 -8.846 -8.895 -14.318 -10.000 -6.174
3 16 -15.602 -10.000 -11.381 -14.481 -8.846 -11.105 -15.602 -10.000 -8.619
3 16 -14.318 -10.000 -13.826 -13.455 -8.846 -13.061 -15.602 -10.000 -11.381
3 16 -12.046 -10.000 -15.394 -11.637 -8.846 -14.315 -14.318 -10.000 -13.826
3 16 -9.305 -10.000 -15.727 -9.444 -8.846 -14.582 -12.046 -10.000 -15.394
3 16 -6.723 -10.000 -14.748 -7.378 -8.846 -13.798 -9.305 -10.000 -15.727
3 16 -4.892 -10.000 -12.681 -5.913 -8.846 -12.145 -6.723 -10.000 -14.748
3 16 -4.231 -10.000 -10.000 -5.385 -8.846 -10.000 -4.892 -10.000 -12.681
3 16 -5.913 -8.846 -12.145 -4.892 -10.000 -12.681 -5.385 -8.846 -10.000
3 16 -7.378 -8.846 -13.798 -6.723 -10.000 -14.748 -5.913 -8.846 -12.145
3 16 -9.444 -8.846 -14.582 -9.305 -10.000 -15.727 -7.378 -8.846 -13.798
3 16 -11.637 -8.846 -14.315 -12.046 -10.000 -15.394 -9.444 -8.846 -14.582
3 16 -13.455 -8.846 -13.061 -14.318 -10.000 -13.826 -11.637 -8.846 -14.315
3 16 -14.481 -8.846 -11.105 -15.602 -10.000 -11.381 -13.455 -8.846 -13.061
3 16 -14.481 -8.846 -8.895 -15.602 -10.000 -8.619 -14.481 -8.846 -11.105
3 16 -13.455 -8.846 -6.939 -14.318 -10.000 -6.174 -14.481 -8.846 -8.895
3 16 -11.637 -8.846 -5.685 -12.046 -10.000 -4.606 -13.455 -8.846 -6.939
3 16 -9.444 -8.846 -5.418 -9.305 -10.000 -4.273 -11.637 -8.846 -5.685
3 16 -7.378 -8.846 -6.202 -6.723 -10.000 -5.252 -9.444 -8.846 -5.418
3 16 -5.913 -8.846 -7.855 -4.892 -10.000 -7.319 -7.378 -8.846 -6.202
3 16 -5.385 -8.846 -10.000 -4.231 -10.000 -10.000 -5.913 -8.846 -7.855
3 16 -5.385 -8.846 -10.000 -5.519 -8.462 -11.105 -5.913 -8.846 -12.145
3 16 -5.385 -8.462 -10.000 -5.519 -8.462 -11.105 -5.385 -8.846 -10.000
3 16 -5.913 -8.846 -12.145 -6.545 -8.462 -13.061 -7.378 -8.846 -13.798
3 16 -5.913 -8.462 -12.145 -6.545 -8.462 -13.061 -5.913 -8.846 -12.145
3 16 -7.378 -8.846 -13.798 -8.363 -8.462 -14.315 -9.444 -8.846 -14.582
3 16 -7.378 -8.462 -13.798 -8.363 -8.462 -14.315 -7.378 -8.846 -13.798
3 16 -9.444 -8.846 -14.582 -10.556 -8.462 -14.582 -11.637 -8.846 -14.315
3 16 -9.444 -8.462 -14.582 -10.556 -8.462 -14.582 -9.444 -8.846 -14.582
3 16 -11.637 -8.846 -14.315 -12.622 -8.462 -13.798 -13.455 -8.846 -13.061
3 16 -11.637 -8.462 -14.315 -12.622 -8.462 -13.798 -11.637 -8.846 -14.315
3 16 -13.455 -8.846 -13.061 -14.087 -8.462 -12.145 -14.481 -8.846 -11.105
3 16 -13.455 -8.462 -13.061 -14.087 -8.462 -12.145 -13.455 -8.846 -13.061
3 16 -14.481 -8.846 -11.105 -14.615 -8.462 -10.000 -14.481 -8.846 -8.895
3 16 -14.481 -8.462 -11.105 -14.615 -8.462 -10.000 -14.481 -8.846 -11.105
3 16 -14.481 -8.462 -8.895 -14.087 -8.462 -7.855 -14.481 -8.846 -8.895
3 16 -13.455 -8.846 -6.939 -14.481 -8.846 -8.895 -14.087 -8.462 -7.855
3 16 -13.455 -8.846 -6.939 -12.622 -8.462 -6.202 -11.637 -8.846 -5.685
3 16 -13.455 -8.462 -6.939 -12.622 -8.462 -6.202 -13.455 -8.846 -6.939
3 16 -11.637 -8.846 -5.685 -10.556 -8.462 -5.418 -9.444 -8.846 -5.418
3 16 -11.637 -8.462 -5.685 -10.556 -8.462 -5.418 -11.637 -8.846 -5.685
3 16 -9.444 -8.846 -5.418 -8.363 -8.462 -5.685 -7.378 -8.846 -6.202
3 16 -9.444 -8.462 -5.418 -8.363 -8.462 -5.685 -9.444 -8.846 -5.418
3 16 -7.378 -8.846 -6.202 -6.545 -8.462 -6.939 -5.913 -8.846 -7.855
3 16 -7.378 -8.462 -6.202 -6.545 -8.462 -6.939 -7.378 -8.846 -6.202
3 16 -5.913 -8.846 -7.855 -5.519 -8.462 -8.895 -5.385 -8.846 -10.000
3 16 -5.913 -8.462 -7.855 -5.519 -8.462 -8.895 -5.913 -8.846 -7.855
3 16 -5.385 -8.462 -10.000 -5.385 -8.846 -10.000 -5.519 -8.462 -8.895
3 16 -5.913 -8.462 -7.855 -5.913 -8.846 -7.855 -6.545 -8.462 -6.939
3 16 -7.378 -8.462 -6.202 -7.378 -8.846 -6.202 -8.363 -8.462 -5.685
3 16 -9.444 -8.462 -5.418 -9.444 -8.846 -5.418 -10.556 -8.462 -5.418
3 16 -11.637 -8.462 -5.685 -11.637 -8.846 -5.685 -12.622 -8.462 -6.202
3 16 -13.455 -8.462 -6.939 -13.455 -8.846 -6.939 -14.087 -8.462 -7.855
3 16 -14.481 -8.462 -8.895 -14.481 -8.846 -8.895 -14.615 -8.462 -10.000
3 16 -14.481 -8.462 -11.105 -14.481 -8.846 -11.105 -14.087 -8.462 -12.145
3 16 -13.455 -8.462 -13.061 -13.455 -8.846 -13.061 -12.622 -8.462 -13.798
3 16 -11.637 -8.462 -14.315 -11.637 -8.846 -14.315 -10.556 -8.462 -14.582
3 16 -9.444 -8.462 -14.582 -9.444 -8.846 -14.582 -8.363 -8.462 -14.315
3 16 -7.378 -8.462 -13.798 -7.378 -8.846 -13.798 -6.545 -8.462 -13.061
3 16 -5.913 -8.462 -12.145 -5.913 -8.846 -12.145 -5.519 -8.462 -11.105
3 16 -14.481 -8.462 -8.895 -14.615 -8.462 -10.000 -15.074 -5.000 -8.749
3 16 -14.087 -8.462 -7.855 -14.481 -8.462 -8.895 -14.627 -5.000 -7.571
3 16 -15.074 -5.000 -8.749 -14.627 -5.000 -7.571 -14.481 -8.462 -8.895
3 16 -13.455 -8.462 -6.939 -14.087 -8.462 -7.855 -13.912 -5.000 -6.535
3 16 -12.622 -8.462 -6.202 -13.455 -8.462 -6.939 -12.969 -5.000 -5.699
3 16 -13.912 -5.000 -6.535 -12.969 -5.000 -5.699 -13.455 -8.462 -6.939
3 16 -11.853 -5.000 -5.114 -11.637 -8.462 -5.685 -12.969 -5.000 -5.699
3 16 -10.556 -8.462 -5.418 -11.637 -8.462 -5.685 -10.630 -5.000 -4.812
3 16 -11.853 -5.000 -5.114 -10.630 -5.000 -4.812 -11.637 -8.462 -5.685
3 16 -9.370 -5.000 -4.812 -9.444 -8.462 -5.418 -10.630 -5.000 -4.812
3 16 -8.147 -5.000 -5.114 -8.363 -8.462 -5.685 -9.370 -5.000 -4.812
3 16 -9.444 -8.462 -5.418 -9.370 -5.000 -4.812 -8.363 -8.462 -5.685
3 16 -7.378 -8.462 -6.202 -8.363 -8.462 -5.685 -7.031 -5.000 -5.699
3 16 -6.088 -5.000 -6.535 -6.545 -8.462 -6.939 -7.031 -5.000 -5.699
3 16 -7.378 -8.462 -6.202 -7.031 -5.000 -5.699 -6.545 -8.462 -6.939
3 16 -5.373 -5.000 -7.571 -5.913 -8.462 -7.855 -6.088 -5.000 -6.535
3 16 -4.926 -5.000 -8.749 -5.519 -8.462 -8.895 -5.373 -5.000 -7.571
3 16 -5.913 -8.462 -7.855 -5.373 -5.000 -7.571 -5.519 -8.462 -8.895
3 16 -4.774 -5.000 -10.000 -5.385 -8.462 -10.000 -4.926 -5.000 -8.749
3 16 -5.519 -8.462 -11.105 -5.385 -8.462 -10.000 -4.926 -5.000 -11.251
3 16 -4.774 -5.000 -10.000 -4.926 -5.000 -11.251 -5.385 -8.462 -10.000
3 16 -5.913 -8.462 -12.145 -5.519 -8.462 -11.105 -5.373 -5.000 -12.429
3 16 -6.545 -8.462 -13.061 -5.913 -8.462 -12.145 -6.088 -5.000 -13.465
3 16 -5.373 -5.000 -12.429 -6.088 -5.000 -13.465 -5.913 -8.462 -12.145
3 16 -7.378 -8.462 -13.798 -6.545 -8.462 -13.061 -7.031 -5.000 -14.301
3 16 -8.363 -8.462 -14.315 -7.378 -8.462 -13.798 -8.147 -5.000 -14.886
3 16 -7.031 -5.000 -14.301 -8.147 -5.000 -14.886 -7.378 -8.462 -13.798
3 16 -9.444 -8.462 -14.582 -8.363 -8.462 -14.315 -9.370 -5.000 -15.188
3 16 -10.556 -8.462 -14.582 -9.444 -8.462 -14.582 -10.630 -5.000 -15.188
3 16 -9.370 -5.000 -15.188 -10.630 -5.000 -15.188 -9.444 -8.462 -14.582
3 16 -11.637 -8.462 -14.315 -10.556 -8.462 -14.582 -11.853 -5.000 -14.886
3 16 -12.622 -8.462 -13.798 -11.637 -8.462 -14.315 -12.969 -5.000 -14.301
3 16 -11.853 -5.000 -14.886 -12.969 -5.000 -14.301 -11.637 -8.462 -14.315
3 16 -13.455 -8.462 -13.061 -12.622 -8.462 -13.798 -13.912 -5.000 -13.465
3 16 -14.087 -8.462 -12.145 -13.455 -8.462 -13.061 -14.627 -5.000 -12.429
3 16 -13.912 -5.000 -13.465 -14.627 -5.000 -12.429 -13.455 -8.462 -13.061
3 16 -14.481 -8.462 -11.105 -14.087 -8.462 -12.145 -15.074 -5.000 -11.251
3 16 -14.615 -8.462 -10.000 -14.481 -8.462 -11.105 -15.226 -5.000 -10.000
3 16 -15.074 -5.000 -11.251 -15.226 -5.000 -10.000 -14.481 -8.462 -11.105
3 16 -14.627 -5.000 -12.429 -15.074 -5.000 -11.251 -14.087 -8.462 -12.145
3 16 -12.969 -5.000 -14.301 -13.912 -5.000 -13.465 -12.622 -8.462 -13.798
3 16 -10.630 -5.000 -15.188 -11.853 -5.000 -14.886 -10.556 -8.462 -14.582
3 16 -8.147 -5.000 -14.886 -9.370 -5.000 -15.188 -8.363 -8.462 -14.315
3 16 -6.088 -5.000 -13.465 -7.031 -5.000 -14.301 -6.545 -8.462 -13.061
3 16 -4.926 -5.000 -11.251 -5.373 -5.000 -12.429 -5.519 -8.462 -11.105
3 16 -5.519 -8.462 -8.895 -4.926 -5.000 -8.749 -5.385 -8.462 -10.000
3 16 -6.545 -8.462 -6.939 -6.088 -5.000 -6.535 -5.913 -8.462 -7.855
3 16 -8.147 -5.000 -5.114 -7.031 -5.000 -5.699 -8.363 -8.462 -5.685
3 16 -10.556 -8.462 -5.418 -10.630 -5.000 -4.812 -9.444 -8.462 -5.418
3 16 -12.622 -8.462 -6.202 -12.969 -5.000 -5.699 -11.637 -8.462 -5.685
3 16 -14.627 -5.000 -7.571 -13.912 -5.000 -6.535 -14.087 -8.462 -7.855
3 16 -15.226 -5.000 -10.000 -15.074 -5.000 -8.749 -14.615 -8.462 -10.000
3 16 -5.385 -1.538 -10.000 -4.926 -5.000 -8.749 -5.913 -1.538 -7.855
3 16 -4.774 -5.000 -10.000 -4.926 -5.000 -8.749 -5.385 -1.538 -10.000
3 16 -5.373 -5.000 -7.571 -6.088 -5.000 -6.535 -5.913 -1.538 -7.855
3 16 -7.378 -1.538 -6.202 -5.913 -1.538 -7.855 -6.088 -5.000 -6.535
3 16 -7.031 -5.000 -5.699 -8.147 -5.000 -5.114 -7.378 -1.538 -6.202
3 16 -9.444 -1.538 -5.418 -7.378 -1.538 -6.202 -8.147 -5.000 -5.114
3 16 -9.370 -5.000 -4.812 -10.630 -5.000 -4.812 -9.444 -1.538 -5.418
3 16 -11.637 -1.538 -5.685 -9.444 -1.538 -5.418 -10.630 -5.000 -4.812
3 16 -11.637 -1.538 -5.685 -12.969 -5.000 -5.699 -13.455 -1.538 -6.939
3 16 -11.853 -5.000 -5.114 -12.969 -5.000 -5.699 -11.637 -1.538 -5.685
3 16 -13.455 -1.538 -6.939 -14.627 -5.000 -7.571 -14.481 -1.538 -8.895
3 16 -13.912 -5.000 -6.535 -14.627 -5.000 -7.571 -13.455 -1.538 -6.939
3 16 -15.074 -5.000 -8.749 -15.226 -5.000 -10.000 -14.481 -1.538 -8.895
3 16 -14.481 -1.538 -11.105 -14.481 -1.538 -8.895 -15.226 -5.000 -10.000
3 16 -15.074 -5.000 -11.251 -14.627 -5.000 -12.429 -14.481 -1.538 -11.105
3 16 -13.455 -1.538 -13.061 -14.481 -1.538 -11.105 -14.627 -5.000 -12.429
3 16 -13.912 -5.000 -13.465 -12.969 -5.000 -14.301 -13.455 -1.538 -13.061
3 16 -11.637 -1.538 -14.315 -13.455 -1.538 -13.061 -12.969 -5.000 -14.301
3 16 -11.853 -5.000 -14.886 -10.630 -5.000 -15.188 -11.637 -1.538 -14.315
3 16 -9.444 -1.538 -14.582 -11.637 -1.538 -14.315 -10.630 -5.000 -15.188
3 16 -9.370 -5.000 -15.188 -8.147 -5.000 -14.886 -9.444 -1.538 -14.582
3 16 -7.378 -1.538 -13.798 -9.444 -1.538 -14.582 -8.147 -5.000 -14.886
3 16 -7.378 -1.538 -13.798 -6.088 -5.000 -13.465 -5.913 -1.538 -12.145
3 16 -7.031 -5.000 -14.301 -6.088 -5.000 -13.465 -7.378 -1.538 -13.798
3 16 -5.373 -5.000 -12.429 -4.926 -5.000 -11.251 -5.913 -1.538 -12.145
3 16 -5.385 -1.538 -10.000 -5.913 -1.538 -12.145 -4.926 -5.000 -11.251
3 16 -4.774 -5.000 -10.000 -5.385 -1.538 -10.000 -4.926 -5.000 -11.251
3 16 -5.373 -5.000 -12.429 -5.913 -1.538 -12.145 -6.088 -5.000 -13.465
3 16 -7.031 -5.000 -14.301 -7.378 -1.538 -13.798 -8.147 -5.000 -14.886
3 16 -9.370 -5.000 -15.188 -9.444 -1.538 -14.582 -10.630 -5.000 -15.188
3 16 -11.853 -5.000 -14.886 -11.637 -1.538 -14.315 -12.969 -5.000 -14.301
3 16 -13.912 -5.000 -13.465 -13.455 -1.538 -13.061 -14.627 -5.000 -12.429
3 16 -15.074 -5.000 -11.251 -14.481 -1.538 -11.105 -15.226 -5.000 -10.000
3 16 -15.074 -5.000 -8.749 -14.481 -1.538 -8.895 -14.627 -5.000 -7.571
3 16 -13.912 -5.000 -6.535 -13.455 -1.538 -6.939 -12.969 -5.000 -5.699
3 16 -11.853 -5.000 -5.114 -11.637 -1.538 -5.685 -10.630 -5.000 -4.812
3 16 -9.370 -5.000 -4.812 -9.444 -1.538 -5.418 -8.147 -5.000 -5.114
3 16 -7.031 -5.000 -5.699 -7.378 -1.538 -6.202 -6.088 -5.000 -6.535
3 16 -5.373 -5.000 -7.571 -5.913 -1.538 -7.855 -4.926 -5.000 -8.749
3 16 -5.913 -1.538 -7.855 -7.378 -1.538 -6.202 -10.000 -1.538 -10.000
3 16 -9.444 -1.538 -5.418 -10.000 -1.538 -10.000 -7.378 -1.538 -6.202
3 16 -11.637 -1.538 -5.685 -10.000 -1.538 -10.000 -9.444 -1.538 -5.418
3 16 -13.455 -1.538 -6.939 -10.000 -1.538 -10.000 -11.637 -1.538 -5.685
3 16 -14.481 -1.538 -8.895 -10.000 -1.538 -10.000 -13.455 -1.538 -6.939
3 16 -14.481 -1.538 -11.105 -10.000 -1.538 -10.000 -14.481 -1.538 -8.895
3 16 -13.455 -1.538 -13.061 -10.000 -1.538 -10.000 -14.481 -1.538 -11.105
3 16 -11.637 -1.538 -14.315 -10.000 -1.538 -10.000 -13.455 -1.538 -13.061
3 16 -9.444 -1.538 -14.582 -10.000 -1.538 -10.000 -11.637 -1.538 -14.315
3 16 -7.378 -1.538 -13.798 -10.000 -1.538 -10.000 -9.444 -1.538 -14.582
3 16 -5.913 -1.538 -12.145 -10.000 -1.538 -10.000 -7.378 -1.538 -13.798
3 16 -5.385 -1.538 -10.000 -10.000 -1.538 -10.000 -5.913 -1.538 -12.145
3 16 -5.913 -1.538 -7.855 -10.000 -1.538 -10.000 -5.385 -1.538 -10.000
3 16 35.108 -10.000 -27.319 34.087 -8.846 -27.855 35.769 -10.000 -30.000
3 16 33.277 -10.000 -25.252 32.622 -8.846 -26.202 35.108 -10.000 -27.319
3 16 30.695 -10.000 -24.273 30.556 -8.846 -25.418 33.277 -10.000 -25.252
3 16 27.954 -10.000 -24.606 28.363 -8.846 -25.685 30.695 -10.000 -24.273
3 16 25.682 -10.000 -26.174 26.545 -8.846 -26.939 27.954 -10.000 -24.606
3 16 24.398 -10.000 -28.619 25.519 -8.846 -28.895 25.682 -10.000 -26.174
3 16 24.398 -10.000 -31.381 25.519 -8.846 -31.105 24.398 -10.000 -28.619
3 16 25.682 -10.000 -33.826 26.545 -8.846 -33.061 24.398 -10.000 -31.381
3 16 27.954 -10.000 -35.394 28.363 -8.846 -34.315 25.682 -10.000 -33.826
3 16 30.695 -10.000 -35.727 30.556 -8.846 -34.582 27.954 -10.000 -35.394
3 16 33.277 -10.000 -34.748 32.622 -8.846 -33.798 30.695 -10.000 -35.727
3 16 35.108 -10.000 -32.681 34.087 -8.846 -32.145 33.277 -10.000 -34.748
3 16 35.769 -10.000 -30.000 34.615 -8.846 -30.000 35.108 -10.000 -32.681
3 16 34.087 -8.846 -32.145 35.108 -10.000 -32.681 34.615 -8.846 -30.000
3 16 32.622 -8.846 -33.798 33.277 -10.000 -34.748 34.087 -8.846 -32.145
3 16 30.556 -8.846 -34.582 30.695 -10.000 -35.727 32.622 -8.846 -33.798
3 16 28.363 -8.846 -34.315 27.954 -10.000 -35.394 30.556 -8.846 -34.582
3 16 26.545 -8.846 -33.061 25.682 -10.000 -33.826 28.363 -8.846 -34.315
3 16 25.519 -8.846 -31.105 24.398 -10.000 -31.381 26.545 -8.846 -33.061
3 16 25.519 -8.846 -28.895 24.398 -10.000 -28.619 25.519 -8.846 -31.105
3 16 26.545 -8.846 -26.939 25.682 -10.000 -26.174 25.519 -8.846 -28.895
3 16 28.363 -8.846 -25.685 27.954 -10.000 -24.606 26.545 -8.846 -26.939
3 16 30.556 -8.846 -25.418 30.695 -10.000 -24.273 28.363 -8.846 -25.685
3 16 32.622 -8.846 -26.202 33.277 -10.000 -25.252 30.556 -8.846 -25.418
3 16 34.087 -8.846 -27.855 35.108 -10.000 -27.319 32.622 -8.846 -26.202
3 16 34.615 -8.846 -30.000 35.769 -10.000 -30.000 34.087 -8.846 -27.855
3 16 34.615 -8.846 -30.000 34.481 -8.462 -31.105 34.087 -8.846 -32.145
3 16 34.615 -8.462 -30.000 34.481 -8.462 -31.105 34.615 -8.846 -30.000
3 16 34.087 -8.846 -32.145 33.455 -8.462 -33.061 32.622 -8.846 -33.798
3 16 34.087 -8.462 -32.145 33.455 -8.462 -33.061 34.087 -8.846 -32.145
3 16 32.622 -8.846 -33.798 31.637 -8.462 -34.315 30.556 -8.846 -34.582
3 16 32.622 -8.462 -33.798 31.637 -8.462 -34.315 32.622 -8.846 -33.798
3 16 30.556 -8.846 -34.582 29.444 -8.462 -34.582 28.363 -8.846 -34.315
3 16 30.556 -8.462 -34.582 29.444 -8.462 -34.582 30.556 -8.846 -34.582
3 16 28.363 -8.846 -34.315 27.378 -8.462 -33.798 26.545 -8.846 -33.061
3 16 28.363 -8.462 -34.315 27.378 -8.462 -33.798 28.363 -8.846 -34.315
3 16 26.545 -8.846 -33.061 25.913 -8.462 -32.145 25.519 -8.846 -31.105
3 16 26.545 -8.462 -33.061 25.913 -8.462 -32.145 26.545 -8.846 -33.061
3 16 25.519 -8.846 -31.105 25.385 -8.462 -30.000 25.519 -8.846 -28.895
3 16 25.519 -8.462 -31.105 25.385 -8.462 -30.000 25.519 -8.846 -31.105
3 16 25.519 -8.462 -28.895 25.913 -8.462 -27.855 25.519 -8.846 -28.895
3 16 26.545 -8.846 -26.939 25.519 -8.846 -28.895 25.913 -8.462 -27.855
3 16 26.545 -8.846 -26.939 27.378 -8.462 -26.202 28.363 -8.846 -25.685
3 16 26.545 -8.462 -26.939 27.378 -8.462 -26.202 26.545 -8.846 -26.939
3 16 28.363 -8.846 -25.685 29.444 -8.462 -25.418 30.556 -8.846 -25.418
3 16 28.363 -8.462 -25.685 29.444 -8.462 -25.418 28.363 -8.846 -25.685
3 16 30.556 -8.846 -25.418 31.637 -8.462 -25.685 32.622 -8.846 -26.202
3 16 30.556 -8.462 -25.418 31.637 -8.462 -25.685 30.556 -8.846 -25.418
3 16 32.622 -8.462 -26.202 33.455 -8.462 -26.939 32.622 -8.846 -26.202
3 16 34.087 -8.846 -27.855 32.622 -8.846 -26.202 33.455 -8.462 -26.939
3 16 34.087 -8.846 -27.855 34.481 -8.462 -28.895 34.615 -8.846 -30.000
3 16 34.087 -8.462 -27.855 34.481 -8.462 -28.895 34.087 -8.846 -27.855
3 16 34.615 -8.462 -30.000 34.615 -8.846 -30.000 34.481 -8.462 -28.895
3 16 34.087 -8.462 -27.855 34.087 -8.846 -27.855 33.455 -8.462 -26.939
3 16 32.622 -8.462 -26.202 32.622 -8.846 -26.202 31.637 -8.462 -25.685
3 16 30.556 -8.462 -25.418 30.556 -8.846 -25.418 29.444 -8.462 -25.418
3 16 28.363 -8.462 -25.685 28.363 -8.846 -25.685 27.378 -8.462 -26.202
3 16 26.545 -8.462 -26.939 26.545 -8.846 -26.939 25.913 -8.462 -27.855
3 16 25.519 -8.462 -28.895 25.519 -8.846 -28.895 25.385 -8.462 -30.000
3 16 25.519 -8.462 -31.105 25.519 -8.846 -31.105 25.913 -8.462 -32.145
3 16 26.545 -8.462 -33.061 26.545 -8.846 -33.061 27.378 -8.462 -33.798
3 16 28.363 -8.462 -34.315 28.363 -8.846 -34.315 29.444 -8.462 -34.582
3 16 30.556 -8.462 -34.582 30.556 -8.846 -34.582 31.637 -8.462 -34.315
3 16 32.622 -8.462 -33.798 32.622 -8.846 -33.798 33.455 -8.462 -33.061
3 16 34.087 -8.462 -32.145 34.087 -8.846 -32.145 34.481 -8.462 -31.105
3 16 25.519 -8.462 -28.895 25.385 -8.462 -30.000 24.926 -5.000 -28.749
3 16 25.373 -5.000 -27.571 25.913 -8.462 -27.855 24.926 -5.000 -28.749
3 16 25.519 -8.462 -28.895 24.926 -5.000 -28.749 25.913 -8.462 -27.855
3 16 26.088 -5.000 -26.535 26.545 -8.462 -26.939 25.373 -5.000 -27.571
3 16 27.031 -5.000 -25.699 27.378 -8.462 -26.202 26.088 -5.000 -26.535
3 16 26.545 -8.462 -26.939 26.088 -5.000 -26.535 27.378 -8.462 -26.202
3 16 28.363 -8.462 -25.685 27.378 -8.462 -26.202 28.147 -5.000 -25.114
3 16 29.370 -5.000 -24.812 29.444 -8.462 -25.418 28.147 -5.000 -25.114
3 16 28.363 -8.462 -25.685 28.147 -5.000 -25.114 29.444 -8.462 -25.418
3 16 30.556 -8.462 -25.418 29.444 -8.462 -25.418 30.630 -5.000 -24.812
3 16 31.853 -5.000 -25.114 31.637 -8.462 -25.685 30.630 -5.000 -24.812
3 16 30.556 -8.462 -25.418 30.630 -5.000 -24.812 31.637 -8.462 -25.685
3 16 32.969 -5.000 -25.699 32.622 -8.462 -26.202 31.853 -5.000 -25.114
3 16 33.912 -5.000 -26.535 33.455 -8.462 -26.939 32.969 -5.000 -25.699
3 16 32.622 -8.462 -26.202 32.969 -5.000 -25.699 33.455 -8.462 -26.939
3 16 34.087 -8.462 -27.855 33.455 -8.462 -26.939 34.627 -5.000 -27.571
3 16 35.074 -5.000 -28.749 34.481 -8.462 -28.895 34.627 -5.000 -27.571
3 16 34.087 -8.462 -27.855 34.627 -5.000 -27.571 34.481 -8.462 -28.895
3 16 34.615 -8.462 -30.000 34.481 -8.462 -28.895 35.226 -5.000 -30.000
3 16 35.074 -5.000 -31.251 34.481 -8.462 -31.105 35.226 -5.000 -30.000
3 16 34.615 -8.462 -30.000 35.226 -5.000 -30.000 34.481 -8.462 -31.105
3 16 34.627 -5.000 -32.429 34.087 -8.462 -32.145 35.074 -5.000 -31.251
3 16 33.912 -5.000 -33.465 33.455 -8.462 -33.061 34.627 -5.000 -32.429
3 16 34.087 -8.462 -32.145 34.627 -5.000 -32.429 33.455 -8.462 -33.061
3 16 32.969 -5.000 -34.301 32.622 -8.462 -33.798 33.912 -5.000 -33.465
3 16 31.853 -5.000 -34.886 31.637 -8.462 -34.315 32.969 -5.000 -34.301
3 16 32.622 -8.462 -33.798 32.969 -5.000 -34.301 31.637 -8.462 -34.315
3 16 30.556 -8.462 -34.582 31.637 -8.462 -34.315 30.630 -5.000 -35.188
3 16 29.370 -5.000 -35.188 29.444 -8.462 -34.582 30.630 -5.000 -35.188
3 16 30.556 -8.462 -34.582 30.630 -5.000 -35.188 29.444 -8.462 -34.582
3 16 28.147 -5.000 -34.886 28.363 -8.462 -34.315 29.370 -5.000 -35.188
3 16 27.031 -5.000 -34.301 27.378 -8.462 -33.798 28.147 -5.000 -34.886
3 16 28.363 -8.462 -34.315 28.147 -5.000 -34.886 27.378 -8.462 -33.798
3 16 26.088 -5.000 -33.465 26.545 -8.462 -33.061 27.031 -5.000 -34.301
3 16 25.373 -5.000 -32.429 25.913 -8.462 -32.145 26.088 -5.000 -33.465
3 16 26.545 -8.462 -33.061 26.088 -5.000 -33.465 25.913 -8.462 -32.145
3 16 24.926 -5.000 -31.251 25.519 -8.462 -31.105 25.373 -5.000 -32.429
3 16 25.385 -8.462 -30.000 25.519 -8.462 -31.105 24.774 -5.000 -30.000
3 16 24.926 -5.000 -31.251 24.774 -5.000 -30.000 25.519 -8.462 -31.105
3 16 25.913 -8.462 -32.145 25.373 -5.000 -32.429 25.519 -8.462 -31.105
3 16 27.378 -8.462 -33.798 27.031 -5.000 -34.301 26.545 -8.462 -33.061
3 16 29.444 -8.462 -34.582 29.370 -5.000 -35.188 28.363 -8.462 -34.315
3 16 31.853 -5.000 -34.886 30.630 -5.000 -35.188 31.637 -8.462 -34.315
3 16 33.455 -8.462 -33.061 33.912 -5.000 -33.465 32.622 -8.462 -33.798
3 16 34.481 -8.462 -31.105 35.074 -5.000 -31.251 34.087 -8.462 -32.145
3 16 35.074 -5.000 -28.749 35.226 -5.000 -30.000 34.481 -8.462 -28.895
3 16 33.912 -5.000 -26.535 34.627 -5.000 -27.571 33.455 -8.462 -26.939
3 16 31.637 -8.462 -25.685 31.853 -5.000 -25.114 32.622 -8.462 -26.202
3 16 29.370 -5.000 -24.812 30.630 -5.000 -24.812 29.444 -8.462 -25.418
3 16 27.031 -5.000 -25.699 28.147 -5.000 -25.114 27.378 -8.462 -26.202
3 16 25.913 -8.462 -27.855 25.373 -5.000 -27.571 26.545 -8.462 -26.939
3 16 24.774 -5.000 -30.000 24.926 -5.000 -28.749 25.385 -8.462 -30.000
3 16 35.226 -5.000 -30.000 35.074 -5.000 -28.749 34.615 -1.538 -30.000
3 16 34.087 -1.538 -27.855 34.615 -1.538 -30.000 35.074 -5.000 -28.749
3 16 34.627 -5.000 -27.571 33.912 -5.000 -26.535 34.087 -1.538 -27.855
3 16 32.622 -1.538 -26.202 34.087 -1.538 -27.855 33.912 -5.000 -26.535
3 16 32.969 -5.000 -25.699 31.853 -5.000 -25.114 32.622 -1.538 -26.202
3 16 30.556 -1.538 -25.418 32.622 -1.538 -26.202 31.853 -5.000 -25.114
3 16 30.630 -5.000 -24.812 29.370 -5.000 -24.812 30.556 -1.538 -25.418
3 16 28.363 -1.538 -25.685 30.556 -1.538 -25.418 29.370 -5.000 -24.812
3 16 28.147 -5.000 -25.114 27.031 -5.000 -25.699 28.363 -1.538 -25.685
3 16 26.545 -1.538 -26.939 28.363 -1.538 -25.685 27.031 -5.000 -25.699
3 16 26.088 -5.000 -26.535 25.373 -5.000 -27.571 26.545 -1.538 -26.939
3 16 25.519 -1.538 -28.895 26.545 -1.538 -26.939 25.373 -5.000 -27.571
3 16 24.926 -5.000 -28.749 24.774 -5.000 -30.000 25.519 -1.538 -28.895
3 16 25.519 -1.538 -31.105 25.519 -1.538 -28.895 24.774 -5.000 -30.000
3 16 24.926 -5.000 -31.251 25.373 -5.000 -32.429 25.519 -1.538 -31.105
3 16 26.545 -1.538 -33.061 25.519 -1.538 -31.105 25.373 -5.000 -32.429
3 16 26.088 -5.000 -33.465 27.031 -5.000 -34.301 26.545 -1.538 -33.061
3 16 28.363 -1.538 -34.315 26.545 -1.538 -33.061 27.031 -5.000 -34.301
3 16 28.147 -5.000 -34.886 29.370 -5.000 -35.188 28.363 -1.538 -34.315
3 16 30.556 -1.538 -34.582 28.363 -1.538 -34.315 29.370 -5.000 -35.188
3 16 30.630 -5.000 -35.188 31.853 -5.000 -34.886 30.556 -1.538 -34.582
3 16 32.622 -1.538 -33.798 30.556 -1.538 -34.582 31.853 -5.000 -34.886
3 16 32.969 -5.000 -34.301 33.912 -5.000 -33.465 32.622 -1.538 -33.798
3 16 34.087 -1.538 -32.145 32.622 -1.538 -33.798 33.912 -5.000 -33.465
3 16 34.627 -5.000 -32.429 35.074 -5.000 -31.251 34.087 -1.538 -32.145
3 16 34.615 -1.538 -30.000 34.087 -1.538 -32.145 35.074 -5.000 -31.251
3 16 35.226 -5.000 -30.000 34.615 -1.538 -30.000 35.074 -5.000 -31.251
3 16 34.627 -5.000 -32.429 34.087 -1.538 -32.145 33.912 -5.000 -33.465
3 16 32.969 -5.000 -34.301 32.622 -1.538 -33.798 31.853 -5.000 -34.886
3 16 30.630 -5.000 -35.188 30.556 -1.538 -34.582 29.370 -5.000 -35.188
3 16 28.147 -5.000 -34.886 28.363 -1.538 -34.315 27.031 -5.000 -34.301
3 16 26.088 -5.000 -33.465 26.545 -1.538 -33.061 25.373 -5.000 -32.429
3 16 24.926 -5.000 -31.251 25.519 -1.538 -31.105 24.774 -5.000 -30.000
3 16 24.926 -5.000 -28.749 25.519 -1.538 -28.895 25.373 -5.000 -27.571
3 16 26.088 -5.000 -26.535 26.545 -1.538 -26.939 27.031 -5.000 -25.699
3 16 28.147 -5.000 -25.114 28.363 -1.538 -25.685 29.370 -5.000 -24.812
3 16 30.630 -5.000 -24.812 30.556 -1.538 -25.418 31.853 -5.000 -25.114
3 16 32.969 -5.000 -25.699 32.622 -1.538 -26.202 33.912 -5.000 -26.535
3 16 34.627 -5.000 -27.571 34.087 -1.538 -27.855 35.074 -5.000 -28.749
3 16 34.087 -1.538 -27.855 32.622 -1.538 -26.202 30.000 -1.538 -30.000
3 16 30.556 -1.538 -25.418 30.000 -1.538 -30.000 32.622 -1.538 -26.202
3 16 28.363 -1.538 -25.685 30.000 -1.538 -30.000 30.556 -1.538 -25.418
3 16 26.545 -1.538 -26.939 30.000 -1.538 -30.000 28.363 -1.538 -25.685
3 16 25.519 -1.538 -28.895 30.000 -1.538 -30.000 26.545 -1.538 -26.939
3 16 25.519 -1.538 -31.105 30.000 -1.538 -30.000 25.519 -1.538 -28.895
3 16 26.545 -1.538 -33.061 30.000 -1.538 -30.000 25.519 -1.538 -31.105
3 16 28.363 -1.538 -34.315 30.000 -1.538 -30.000 26.545 -1.538 -33.061
3 16 30.556 -1.538 -34.582 30.000 -1.538 -30.000 28.363 -1.538 -34.315
3 16 32.622 -1.538 -33.798 30.000 -1.538 -30.000 30.556 -1.538 -34.582
3 16 34.087 -1.538 -32.145 30.000 -1.538 -30.000 32.622 -1.538 -33.798
3 16 34.615 -1.538 -30.000 30.000 -1.538 -30.000 34.087 -1.538 -32.145
3 16 34.087 -1.538 -27.855 30.000 -1.538 -30.000 34.615 -1.538 -30.000
3 16 15.108 -10.000 -27.319 14.087 -8.846 -27.855 15.769 -10.000 -30.000
3 16 13.277 -10.000 -25.252 12.622 -8.846 -26.202 15.108 -10.000 -27.319
3 16 10.695 -10.000 -24.273 10.556 -8.846 -25.418 13.277 -10.000 -25.252
3 16 7.954 -10.000 -24.606 8.363 -8.846 -25.685 10.695 -10.000 -24.273
3 16 5.682 -10.000 -26.174 6.545 -8.846 -26.939 7.954 -10.000 -24.606
3 16 4.398 -10.000 -28.619 5.519 -8.846 -28.895 5.682 -10.000 -26.174
3 16 4.398 -10.000 -31.381 5.519 -8.846 -31.105 4.398 -10.000 -28.619
3 16 5.682 -10.000 -33.826 6.545 -8.846 -33.061 4.398 -10.000 -31.381
3 16 7.954 -10.000 -35.394 8.363 -8.846 -34.315 5.682 -10.000 -33.826
3 16 10.695 -10.000 -35.727 10.556 -8.846 -34.582 7.954 -10.000 -35.394
3 16 13.277 -10.000 -34.748 12.622 -8.846 -33.798 10.695 -10.000 -35.727
3 16 15.108 -10.000 -32.681 14.087 -8.846 -32.145 13.277 -10.000 -34.748
3 16 15.769 -10.000 -30.000 14.615 -8.846 -30.000 15.108 -10.000 -32.681
3 16 14.087 -8.846 -32.145 15.108 -10.000 -32.681 14.615 -8.846 -30.000
3 16 12.622 -8.846 -33.798 13.277 -10.000 -34.748 14.087 -8.846 -32.145
3 16 10.556 -8.846 -34.582 10.695 -10.000 -35.727 12.622 -8.846 -33.798
3 16 8.363 -8.846 -34.315 7.954 -10.000 -35.394 10.556 -8.846 -34.582
3 16 6.545 -8.846 -33.061 5.682 -10.000 -33.826 8.363 -8.846 -34.315
3 16 5.519 -8.846 -31.105 4.398 -10.000 -31.381 6.545 -8.846 -33.061
3 16 5.519 -8.846 -28.895 4.398 -10.000 -28.619 5.519 -8.846 -31.105
3 16 6.545 -8.846 -26.939 5.682 -10.000 -26.174 5.519 -8.846 -28.895
3 16 8.363 -8.846 -25.685 7.954 -10.000 -24.606 6.545 -8.846 -26.939
3 16 10.556 -8.846 -25.418 10.695 -10.000 -24.273 8.363 -8.846 -25.685
3 16 12.622 -8.846 -26.202 13.277 -10.000 -25.252 10.556 -8.846 -25.418
3 16 14.087 -8.846 -27.855 15.108 -10.000 -27.319 12.622 -8.846 -26.202
3 16 14.615 -8.846 -30.000 15.769 -10.000 -30.000 14.087 -8.846 -27.855
3 16 14.615 -8.846 -30.000 14.481 -8.462 -31.105 14.087 -8.846 -32.145
3 16 14.615 -8.462 -30.000 14.481 -8.462 -31.105 14.615 -8.846 -30.000
3 16 14.087 -8.846 -32.145 13.455 -8.462 -33.061 12.622 -8.846 -33.798
3 16 14.087 -8.462 -32.145 13.455 -8.462 -33.061 14.087 -8.846 -32.145
3 16 12.622 -8.846 -33.798 11.637 -8.462 -34.315 10.556 -8.846 -34.582
3 16 12.622 -8.462 -33.798 11.637 -8.462 -34.315 12.622 -8.846 -33.798
3 16 10.556 -8.846 -34.582 9.444 -8.462 -34.582 8.363 -8.846 -34.315
3 16 10.556 -8.462 -34.582 9.444 -8.462 -34.582 10.556 -8.846 -34.582
3 16 8.363 -8.846 -34.315 7.378 -8.462 -33.798 6.545 -8.846 -33.061
3 16 8.363 -8.462 -34.315 7.378 -8.462 -33.798 8.363 -8.846 -34.315
3 16 6.545 -8.846 -33.061 5.913 -8.462 -32.145 5.519 -8.846 -31.105
3 16 6.545 -8.462 -33.061 5.913 -8.462 -32.145 6.545 -8.846 -33.061
3 16 5.519 -8.846 -31.105 5.385 -8.462 -30.000 5.519 -8.846 -28.895
3 16 5.519 -8.462 -31.105 5.385 -8.462 -30.000 5.519 -8.846 -31.105
3 16 5.519 -8.462 -28.895 5.913 -8.462 -27.855 5.519 -8.846 -28.895
3 16 6.545 -8.846 -26.939 5.519 -8.846 -28.895 5.913 -8.462 -27.855
3 16 6.545 -8.846 -26.939 7.378 -8.462 -26.202 8.363 -8.846 -25.685
3 16 6.545 -8.462 -26.939 7.378 -8.462 -26.202 6.545 -8.846 -26.939
3 16 8.363 -8.462 -25.685 9.444 -8.462 -25.418 8.363 -8.846 -25.685
3 16 10.556 -8.846 -25.418 8.363 -8.846 -25.685 9.444 -8.462 -25.418
3 16 10.556 -8.846 -25.418 11.637 -8.462 -25.685 12.622 -8.846 -26.202
3 16 10.556 -8.462 -25.418 11.637 -8.462 -25.685 10.556 -8.846 -25.418
3 16 12.622 -8.846 -26.202 13.455 -8.462 -26.939 14.087 -8.846 -27.855
3 16 12.622 -8.462 -26.202 13.455 -8.462 -26.939 12.622 -8.846 -26.202
3 16 14.087 -8.846 -27.855 14.481 -8.462 -28.895 14.615 -8.846 -30.000
3 16 14.087 -8.462 -27.855 14.481 -8.462 -28.895 14.087 -8.846 -27.855
3 16 14.615 -8.462 -30.000 14.615 -8.846 -30.000 14.481 -8.462 -28.895
3 16 14.087 -8.462 -27.855 14.087 -8.846 -27.855 13.455 -8.462 -26.939
3 16 12.622 -8.462 -26.202 12.622 -8.846 -26.202 11.637 -8.462 -25.685
3 16 10.556 -8.462 -25.418 10.556 -8.846 -25.418 9.444 -8.462 -25.418
3 16 8.363 -8.462 -25.685 8.363 -8.846 -25.685 7.378 -8.462 -26.202
3 16 6.545 -8.462 -26.939 6.545 -8.846 -26.939 5.913 -8.462 -27.855
3 16 5.519 -8.462 -28.895 5.519 -8.846 -28.895 5.385 -8.462 -30.000
3 16 5.519 -8.462 -31.105 5.519 -8.846 -31.105 5.913 -8.462 -32.145
3 16 6.545 -8.462 -33.061 6.545 -8.846 -33.061 7.378 -8.462 -33.798
3 16 8.363 -8.462 -34.315 8.363 -8.846 -34.315 9.444 -8.462 -34.582
3 16 10.556 -8.462 -34.582 10.556 -8.846 -34.582 11.637 -8.462 -34.315
3 16 12.622 -8.462 -33.798 12.622 -8.846 -33.798 13.455 -8.462 -33.061
3 16 14.087 -8.462 -32.145 14.087 -8.846 -32.145 14.481 -8.462 -31.105
3 16 5.519 -8.462 -28.895 5.385 -8.462 -30.000 4.926 -5.000 -28.749
3 16 5.373 -5.000 -27.571 5.913 -8.462 -27.855 4.926 -5.000 -28.749
3 16 5.519 -8.462 -28.895 4.926 -5.000 -28.749 5.913 -8.462 -27.855
3 16 6.088 -5.000 -26.535 6.545 -8.462 -26.939 5.373 -5.000 -27.571
3 16 7.031 -5.000 -25.699 7.378 -8.462 -26.202 6.088 -5.000 -26.535
3 16 6.545 -8.462 -26.939 6.088 -5.000 -26.535 7.378 -8.462 -26.202
3 16 8.147 -5.000 -25.114 8.363 -8.462 -25.685 7.031 -5.000 -25.699
3 16 9.370 -5.000 -24.812 9.444 -8.462 -25.418 8.147 -5.000 -25.114
3 16 8.363 -8.462 -25.685 8.147 -5.000 -25.114 9.444 -8.462 -25.418
3 16 10.630 -5.000 -24.812 10.556 -8.462 -25.418 9.370 -5.000 -24.812
3 16 11.853 -5.000 -25.114 11.637 -8.462 -25.685 10.630 -5.000 -24.812
3 16 10.556 -8.462 -25.418 10.630 -5.000 -24.812 11.637 -8.462 -25.685
3 16 12.969 -5.000 -25.699 12.622 -8.462 -26.202 11.853 -5.000 -25.114
3 16 13.912 -5.000 -26.535 13.455 -8.462 -26.939 12.969 -5.000 -25.699
3 16 12.622 -8.462 -26.202 12.969 -5.000 -25.699 13.455 -8.462 -26.939
3 16 14.087 -8.462 -27.855 13.455 -8.462 -26.939 14.627 -5.000 -27.571
3 16 14.481 -8.462 -28.895 14.087 -8.462 -27.855 15.074 -5.000 -28.749
3 16 14.627 -5.000 -27.571 15.074 -5.000 -28.749 14.087 -8.462 -27.855
3 16 14.615 -8.462 -30.000 14.481 -8.462 -28.895 15.226 -5.000 -30.000
3 16 15.074 -5.000 -31.251 14.481 -8.462 -31.105 15.226 -5.000 -30.000
3 16 14.615 -8.462 -30.000 15.226 -5.000 -30.000 14.481 -8.462 -31.105
3 16 14.087 -8.462 -32.145 14.481 -8.462 -31.105 14.627 -5.000 -32.429
3 16 13.455 -8.462 -33.061 14.087 -8.462 -32.145 13.912 -5.000 -33.465
3 16 14.627 -5.000 -32.429 13.912 -5.000 -33.465 14.087 -8.462 -32.145
3 16 12.622 -8.462 -33.798 13.455 -8.462 -33.061 12.969 -5.000 -34.301
3 16 11.637 -8.462 -34.315 12.622 -8.462 -33.798 11.853 -5.000 -34.886
3 16 12.969 -5.000 -34.301 11.853 -5.000 -34.886 12.622 -8.462 -33.798
3 16 10.630 -5.000 -35.188 10.556 -8.462 -34.582 11.853 -5.000 -34.886
3 16 9.370 -5.000 -35.188 9.444 -8.462 -34.582 10.630 -5.000 -35.188
3 16 10.556 -8.462 -34.582 10.630 -5.000 -35.188 9.444 -8.462 -34.582
3 16 8.363 -8.462 -34.315 9.444 -8.462 -34.582 8.147 -5.000 -34.886
3 16 7.378 -8.462 -33.798 8.363 -8.462 -34.315 7.031 -5.000 -34.301
3 16 8.147 -5.000 -34.886 7.031 -5.000 -34.301 8.363 -8.462 -34.315
3 16 6.088 -5.000 -33.465 6.545 -8.462 -33.061 7.031 -5.000 -34.301
3 16 5.373 -5.000 -32.429 5.913 -8.462 -32.145 6.088 -5.000 -33.465
3 16 6.545 -8.462 -33.061 6.088 -5.000 -33.465 5.913 -8.462 -32.145
3 16 4.926 -5.000 -31.251 5.519 -8.462 -31.105 5.373 -5.000 -32.429
3 16 5.385 -8.462 -30.000 5.519 -8.462 -31.105 4.774 -5.000 -30.000
3 16 4.926 -5.000 -31.251 4.774 -5.000 -30.000 5.519 -8.462 -31.105
3 16 5.913 -8.462 -32.145 5.373 -5.000 -32.429 5.519 -8.462 -31.105
3 16 7.378 -8.462 -33.798 7.031 -5.000 -34.301 6.545 -8.462 -33.061
3 16 9.370 -5.000 -35.188 8.147 -5.000 -34.886 9.444 -8.462 -34.582
3 16 11.637 -8.462 -34.315 11.853 -5.000 -34.886 10.556 -8.462 -34.582
3 16 13.912 -5.000 -33.465 12.969 -5.000 -34.301 13.455 -8.462 -33.061
3 16 15.074 -5.000 -31.251 14.627 -5.000 -32.429 14.481 -8.462 -31.105
3 16 15.074 -5.000 -28.749 15.226 -5.000 -30.000 14.481 -8.462 -28.895
3 16 13.912 -5.000 -26.535 14.627 -5.000 -27.571 13.455 -8.462 -26.939
3 16 11.637 -8.462 -25.685 11.853 -5.000 -25.114 12.622 -8.462 -26.202
3 16 9.444 -8.462 -25.418 9.370 -5.000 -24.812 10.556 -8.462 -25.418
3 16 7.378 -8.462 -26.202 7.031 -5.000 -25.699 8.363 -8.462 -25.685
3 16 5.913 -8.462 -27.855 5.373 -5.000 -27.571 6.545 -8.462 -26.939
3 16 4.774 -5.000 -30.000 4.926 -5.000 -28.749 5.385 -8.462 -30.000
3 16 15.226 -5.000 -30.000 15.074 -5.000 -28.749 14.615 -1.538 -30.000
3 16 14.087 -1.538 -27.855 14.615 -1.538 -30.000 15.074 -5.000 -28.749
3 16 14.627 -5.000 -27.571 13.912 -5.000 -26.535 14.087 -1.538 -27.855
3 16 12.622 -1.538 -26.202 14.087 -1.538 -27.855 13.912 -5.000 -26.535
3 16 12.622 -1.538 -26.202 11.853 -5.000 -25.114 10.556 -1.538 -25.418
3 16 12.969 -5.000 -25.699 11.853 -5.000 -25.114 12.622 -1.538 -26.202
3 16 10.630 -5.000 -24.812 9.370 -5.000 -24.812 10.556 -1.538 -25.418
3 16 8.363 -1.538 -25.685 10.556 -1.538 -25.418 9.370 -5.000 -24.812
3 16 8.147 -5.000 -25.114 7.031 -5.000 -25.699 8.363 -1.538 -25.685
3 16 6.545 -1.538 -26.939 8.363 -1.538 -25.685 7.031 -5.000 -25.699
3 16 6.088 -5.000 -26.535 5.373 -5.000 -27.571 6.545 -1.538 -26.939
3 16 5.519 -1.538 -28.895 6.545 -1.538 -26.939 5.373 -5.000 -27.571
3 16 4.926 -5.000 -28.749 4.774 -5.000 -30.000 5.519 -1.538 -28.895
3 16 5.519 -1.538 -31.105 5.519 -1.538 -28.895 4.774 -5.000 -30.000
3 16 4.926 -5.000 -31.251 5.373 -5.000 -32.429 5.519 -1.538 -31.105
3 16 6.545 -1.538 -33.061 5.519 -1.538 -31.105 5.373 -5.000 -32.429
3 16 6.088 -5.000 -33.465 7.031 -5.000 -34.301 6.545 -1.538 -33.061
3 16 8.363 -1.538 -34.315 6.545 -1.538 -33.061 7.031 -5.000 -34.301
3 16 8.147 -5.000 -34.886 9.370 -5.000 -35.188 8.363 -1.538 -34.315
3 16 10.556 -1.538 -34.582 8.363 -1.538 -34.315 9.370 -5.000 -35.188
3 16 10.630 -5.000 -35.188 11.853 -5.000 -34.886 10.556 -1.538 -34.582
3 16 12.622 -1.538 -33.798 10.556 -1.538 -34.582 11.853 -5.000 -34.886
3 16 12.969 -5.000 -34.301 13.912 -5.000 -33.465 12.622 -1.538 -33.798
3 16 14.087 -1.538 -32.145 12.622 -1.538 -33.798 13.912 -5.000 -33.465
3 16 14.627 -5.000 -32.429 15.074 -5.000 -31.251 14.087 -1.538 -32.145
3 16 14.615 -1.538 -30.000 14.087 -1.538 -32.145 15.074 -5.000 -31.251
3 16 15.226 -5.000 -30.000 14.615 -1.538 -30.000 15.074 -5.000 -31.251
3 16 14.627 -5.000 -32.429 14.087 -1.538 -32.145 13.912 -5.000 -33.465
3 16 12.969 -5.000 -34.301 12.622 -1.538 -33.798 11.853 -5.000 -34.886
3 16 10.630 -5.000 -35.188 10.556 -1.538 -34.582 9.370 -5.000 -35.188
3 16 8.147 -5.000 -34.886 8.363 -1.538 -34.315 7.031 -5.000 -34.301
3 16 6.088 -5.000 -33.465 6.545 -1.538 -33.061 5.373 -5.000 -32.429
3 16 4.926 -5.000 -31.251 5.519 -1.538 -31.105 4.774 -5.000 -30.000
3 16 4.926 -5.000 -28.749 5.519 -1.538 -28.895 5.373 -5.000 -27.571
3 16 6.088 -5.000 -26.535 6.545 -1.538 -26.939 7.031 -5.000 -25.699
3 16 8.147 -5.000 -25.114 8.363 -1.538 -25.685 9.370 -5.000 -24.812
3 16 10.630 -5.000 -24.812 10.556 -1.538 -25.418 11.853 -5.000 -25.114
3 16 12.969 -5.000 -25.699 12.622 -1.538 -26.202 13.912 -5.000 -26.535
3 16 14.627 -5.000 -27.571 14.087 -1.538 -27.855 15.074 -5.000 -28.749
3 16 14.087 -1.538 -27.855 12.622 -1.538 -26.202 10.000 -1.538 -30.000
3 16 10.556 -1.538 -25.418 10.000 -1.538 -30.000 12.622 -1.538 -26.202
3 16 8.363 -1.538 -25.685 10.000 -1.538 -30.000 10.556 -1.538 -25.418
3 16 6.545 -1.538 -26.939 10.000 -1.538 -30.000 8.363 -1.538 -25.685
3 16 5.519 -1.538 -28.895 10.000 -1.538 -30.000 6.545 -1.538 -26.939
3 16 5.519 -1.538 -31.105 10.000 -1.538 -30.000 5.519 -1.538 -28.895
3 16 6.545 -1.538 -33.061 10.000 -1.538 -30.000 5.519 -1.538 -31.105
3 16 8.363 -1.538 -34.315 10.000 -1.538 -30.000 6.545 -1.538 -33.061
3 16 10.556 -1.538 -34.582 10.000 -1.538 -30.000 8.363 -1.538 -34.315
3 16 12.622 -1.538 -33.798 10.000 -1.538 -30.000 10.556 -1.538 -34.582
3 16 14.087 -1.538 -32.145 10.000 -1.538 -30.000 12.622 -1.538 -33.798
3 16 14.615 -1.538 -30.000 10.000 -1.538 -30.000 14.087 -1.538 -32.145
3 16 14.087 -1.538 -27.855 10.000 -1.538 -30.000 14.615 -1.538 -30.000
3 16 -4.892 -10.000 -27.319 -5.913 -8.846 -27.855 -4.231 -10.000 -30.000
3 16 -6.723 -10.000 -25.252 -7.378 -8.846 -26.202 -4.892 -10.000 -27.319
3 16 -9.305 -10.000 -24.273 -9.444 -8.846 -25.418 -6.723 -10.000 -25.252
3 16 -12.046 -10.000 -24.606 -11.637 -8.846 -25.685 -9.305 -10.000 -24.273
3 16 -14.318 -10.000 -26.174 -13.455 -8.846 -26.939 -12.046 -10.000 -24.606
3 16 -15.602 -10.000 -28.619 -14.481 -8.846 -28.895 -14.318 -10.000 -26.174
3 16 -15.602 -10.000 -31.381 -14.481 -8.846 -31.105 -15.602 -10.000 -28.619
3 16 -14.318 -10.000 -33.826 -13.455 -8.846 -33.061 -15.602 -10.000 -31.381
3 16 -12.046 -10.000 -35.394 -11.637 -8.846 -34.315 -14.318 -10.000 -33.826
3 16 -9.305 -10.000 -35.727 -9.444 -8.846 -34.582 -12.046 -10.000 -35.394
3 16 -6.723 -10.000 -34.748 -7.378 -8.846 -33.798 -9.305 -10.000 -35.727
3 16 -4.892 -10.000 -32.681 -5.913 -8.846 -32.145 -6.723 -10.000 -34.748
3 16 -4.231 -10.000 -30.000 -5.385 -8.846 -30.000 -4.892 -10.000 -32.681
3 16 -5.913 -8.846 -32.145 -4.892 -10.000 -32.681 -5.385 -8.846 -30.000
3 16 -7.378 -8.846 -33.798 -6.723 -10.000 -34.748 -5.913 -8.846 -32.145
3 16 -9.444 -8.846 -34.582 -9.305 -10.000 -35.727 -7.378 -8.846 -33.798
3 16 -11.637 -8.846 -34.315 -12.046 -10.000 -35.394 -9.444 -8.846 -34.582
3 16 -13.455 -8.846 -33.061 -14.318 -10.000 -33.826 -11.637 -8.846 -34.315
3 16 -14.481 -8.846 -31.105 -15.602 -10.000 -31.381 -13.455 -8.846 -33.061
3 16 -14.481 -8.846 -28.895 -15.602 -10.000 -28.619 -14.481 -8.846 -31.105
3 16 -13.455 -8.846 -26.939 -14.318 -10.000 -26.174 -14.481 -8.846 -28.895
3 16 -11.637 -8.846 -25.685 -12.046 -10.000 -24.606 -13.455 -8.846 -26.939
3 16 -9.444 -8.846 -25.418 -9.305 -10.000 -24.273 -11.637 -8.846 -25.685
3 16 -7.378 -8.846 -26.202 -6.723 -10.000 -25.252 -9.444 -8.846 -25.418
3 16 -5.913 -8.846 -27.855 -4.892 -10.000 -27.319 -7.378 -8.846 -26.202
3 16 -5.385 -8.846 -30.000 -4.231 -10.000 -30.000 -5.913 -8.846 -27.855
3 16 -5.385 -8.846 -30.000 -5.519 -8.462 -31.105 -5.913 -8.846 -32.145
3 16 -5.385 -8.462 -30.000 -5.519 -8.462 -31.105 -5.385 -8.846 -30.000
3 16 -5.913 -8.846 -32.145 -6.545 -8.462 -33.061 -7.378 -8.846 -33.798
3 16 -5.913 -8.462 -32.145 -6.545 -8.462 -33.061 -5.913 -8.846 -32.145
3 16 -7.378 -8.846 -33.798 -8.363 -8.462 -34.315 -9.444 -8.846 -34.582
3 16 -7.378 -8.462 -33.798 -8.363 -8.462 -34.315 -7.378 -8.846 -33.798
3 16 -9.444 -8.846 -34.582 -10.556 -8.462 -34.582 -11.637 -8.846 -34.315
3 16 -9.444 -8.462 -34.582 -10.556 -8.462 -34.582 -9.444 -8.846 -34.582
3 16 -11.637 -8.846 -34.315 -12.622 -8.462 -33.798 -13.455 -8.846 -33.061
3 16 -11.637 -8.462 -34.315 -12.622 -8.462 -33.798 -11.637 -8.846 -34.315
3 16 -13.455 -8.846 -33.061 -14.087 -8.462 -32.145 -14.481 -8.846 -31.105
3 16 -13.455 -8.462 -33.061 -14.087 -8.462 -32.145 -13.455 -8.846 -33.061
3 16 -14.481 -8.846 -31.105 -14.615 -8.462 -30.000 -14.481 -8.846 -28.895
3 16 -14.481 -8.462 -31.105 -14.615 -8.462 -30.000 -14.481 -8.846 -31.105
3 16 -14.481 -8.846 -28.895 -14.087 -8.462 -27.855 -13.455 -8.846 -26.939
3 16 -14.481 -8.462 -28.895 -14.087 -8.462 -27.855 -14.481 -8.846 -28.895
3 16 -13.455 -8.846 -26.939 -12.622 -8.462 -26.202 -11.637 -8.846 -25.685
3 16 -13.455 -8.462 -26.939 -12.622 -8.462 -26.202 -13.455 -8.846 -26.939
3 16 -11.637 -8.846 -25.685 -10.556 -8.462 -25.418 -9.444 -8.846 -25.418
3 16 -11.637 -8.462 -25.685 -10.556 -8.462 -25.418 -11.637 -8.846 -25.685
3 16 -9.444 -8.846 -25.418 -8.363 -8.462 -25.685 -7.378 -8.846 -26.202
3 16 -9.444 -8.462 -25.418 -8.363 -8.462 -25.685 -9.444 -8.846 -25.418
3 16 -7.378 -8.846 -26.202 -6.545 -8.462 -26.939 -5.913 -8.846 -27.855
3 16 -7.378 -8.462 -26.202 -6.545 -8.462 -26.939 -7.378 -8.846 -26.202
3 16 -5.913 -8.846 -27.855 -5.519 -8.462 -28.895 -5.385 -8.846 -30.000
3 16 -5.913 -8.462 -27.855 -5.519 -8.462 -28.895 -5.913 -8.846 -27.855
3 16 -5.385 -8.462 -30.000 -5.385 -8.846 -30.000 -5.519 -8.462 -28.895
3 16 -5.913 -8.462 -27.855 -5.913 -8.846 -27.855 -6.545 -8.462 -26.939
3 16 -7.378 -8.462 -26.202 -7.378 -8.846 -26.202 -8.363 -8.462 -25.685
3 16 -9.444 -8.462 -25.418 -9.444 -8.846 -25.418 -10.556 -8.462 -25.418
3 16 -11.637 -8.462 -25.685 -11.637 -8.846 -25.685 -12.622 -8.462 -26.202
3 16 -13.455 -8.462 -26.939 -13.455 -8.846 -26.939 -14.087 -8.462 -27.855
3 16 -14.481 -8.462 -28.895 -14.481 -8.846 -28.895 -14.615 -8.462 -30.000
3 16 -14.481 -8.462 -31.105 -14.481 -8.846 -31.105 -14.087 -8.462 -32.145
3 16 -13.455 -8.462 -33.061 -13.455 -8.846 -33.061 -12.622 -8.462 -33.798
3 16 -11.637 -8.462 -34.315 -11.637 -8.846 -34.315 -10.556 -8.462 -34.582
3 16 -9.444 -8.462 -34.582 -9.444 -8.846 -34.582 -8.363 -8.462 -34.315
3 16 -7.378 -8.462 -33.798 -7.378 -8.846 -33.798 -6.545 -8.462 -33.061
3 16 -5.913 -8.462 -32.145 -5.913 -8.846 -32.145 -5.519 -8.462 -31.105
3 16 -14.481 -8.462 -28.895 -14.615 -8.462 -30.000 -15.074 -5.000 -28.749
3 16 -14.087 -8.462 -27.855 -14.481 -8.462 -28.895 -14.627 -5.000 -27.571
3 16 -15.074 -5.000 -28.749 -14.627 -5.000 -27.571 -14.481 -8.462 -28.895
3 16 -13.912 -5.000 -26.535 -13.455 -8.462 -26.939 -14.627 -5.000 -27.571
3 16 -12.622 -8.462 -26.202 -13.455 -8.462 -26.939 -12.969 -5.000 -25.699
3 16 -13.912 -5.000 -26.535 -12.969 -5.000 -25.699 -13.455 -8.462 -26.939
3 16 -11.637 -8.462 -25.685 -12.622 -8.462 -26.202 -11.853 -5.000 -25.114
3 16 -10.630 -5.000 -24.812 -10.556 -8.462 -25.418 -11.853 -5.000 -25.114
3 16 -11.637 -8.462 -25.685 -11.853 -5.000 -25.114 -10.556 -8.462 -25.418
3 16 -9.370 -5.000 -24.812 -9.444 -8.462 -25.418 -10.630 -5.000 -24.812
3 16 -8.147 -5.000 -25.114 -8.363 -8.462 -25.685 -9.370 -5.000 -24.812
3 16 -9.444 -8.462 -25.418 -9.370 -5.000 -24.812 -8.363 -8.462 -25.685
3 16 -7.378 -8.462 -26.202 -8.363 -8.462 -25.685 -7.031 -5.000 -25.699
3 16 -6.088 -5.000 -26.535 -6.545 -8.462 -26.939 -7.031 -5.000 -25.699
3 16 -7.378 -8.462 -26.202 -7.031 -5.000 -25.699 -6.545 -8.462 -26.939
3 16 -5.913 -8.462 -27.855 -6.545 -8.462 -26.939 -5.373 -5.000 -27.571
3 16 -5.519 -8.462 -28.895 -5.913 -8.462 -27.855 -4.926 -5.000 -28.749
3 16 -5.373 -5.000 -27.571 -4.926 -5.000 -28.749 -5.913 -8.462 -27.855
3 16 -5.385 -8.462 -30.000 -5.519 -8.462 -28.895 -4.774 -5.000 -30.000
3 16 -5.519 -8.462 -31.105 -5.385 -8.462 -30.000 -4.926 -5.000 -31.251
3 16 -4.774 -5.000 -30.000 -4.926 -5.000 -31.251 -5.385 -8.462 -30.000
3 16 -5.373 -5.000 -32.429 -5.913 -8.462 -32.145 -4.926 -5.000 -31.251
3 16 -6.088 -5.000 -33.465 -6.545 -8.462 -33.061 -5.373 -5.000 -32.429
3 16 -5.913 -8.462 -32.145 -5.373 -5.000 -32.429 -6.545 -8.462 -33.061
3 16 -7.378 -8.462 -33.798 -6.545 -8.462 -33.061 -7.031 -5.000 -34.301
3 16 -8.363 -8.462 -34.315 -7.378 -8.462 -33.798 -8.147 -5.000 -34.886
3 16 -7.031 -5.000 -34.301 -8.147 -5.000 -34.886 -7.378 -8.462 -33.798
3 16 -9.444 -8.462 -34.582 -8.363 -8.462 -34.315 -9.370 -5.000 -35.188
3 16 -10.556 -8.462 -34.582 -9.444 -8.462 -34.582 -10.630 -5.000 -35.188
3 16 -9.370 -5.000 -35.188 -10.630 -5.000 -35.188 -9.444 -8.462 -34.582
3 16 -11.637 -8.462 -34.315 -10.556 -8.462 -34.582 -11.853 -5.000 -34.886
3 16 -12.622 -8.462 -33.798 -11.637 -8.462 -34.315 -12.969 -5.000 -34.301
3 16 -11.853 -5.000 -34.886 -12.969 -5.000 -34.301 -11.637 -8.462 -34.315
3 16 -13.455 -8.462 -33.061 -12.622 -8.462 -33.798 -13.912 -5.000 -33.465
3 16 -14.087 -8.462 -32.145 -13.455 -8.462 -33.061 -14.627 -5.000 -32.429
3 16 -13.912 -5.000 -33.465 -14.627 -5.000 -32.429 -13.455 -8.462 -33.061
3 16 -15.074 -5.000 -31.251 -14.481 -8.462 -31.105 -14.627 -5.000 -32.429
3 16 -15.226 -5.000 -30.000 -14.615 -8.462 -30.000 -15.074 -5.000 -31.251
3 16 -14.481 -8.462 -31.105 -15.074 -5.000 -31.251 -14.615 -8.462 -30.000
3 16 -14.087 -8.462 -32.145 -14.627 -5.000 -32.429 -14.481 -8.462 -31.105
3 16 -12.969 -5.000 -34.301 -13.912 -5.000 -33.465 -12.622 -8.462 -33.798
3 16 -10.630 -5.000 -35.188 -11.853 -5.000 -34.886 -10.556 -8.462 -34.582
3 16 -8.147 -5.000 -34.886 -9.370 -5.000 -35.188 -8.363 -8.462 -34.315
3 16 -6.088 -5.000 -33.465 -7.031 -5.000 -34.301 -6.545 -8.462 -33.061
3 16 -5.519 -8.462 -31.105 -4.926 -5.000 -31.251 -5.913 -8.462 -32.145
3 16 -4.926 -5.000 -28.749 -4.774 -5.000 -30.000 -5.519 -8.462 -28.895
3 16 -6.088 -5.000 -26.535 -5.373 -5.000 -27.571 -6.545 -8.462 -26.939
3 16 -8.147 -5.000 -25.114 -7.031 -5.000 -25.699 -8.363 -8.462 -25.685
3 16 -10.556 -8.462 -25.418 -10.630 -5.000 -24.812 -9.444 -8.462 -25.418
3 16 -12.969 -5.000 -25.699 -11.853 -5.000 -25.114 -12.622 -8.462 -26.202
3 16 -14.087 -8.462 -27.855 -14.627 -5.000 -27.571 -13.455 -8.462 -26.939
3 16 -15.226 -5.000 -30.000 -15.074 -5.000 -28.749 -14.615 -8.462 -30.000
3 16 -4.774 -5.000 -30.000 -4.926 -5.000 -28.749 -5.385 -1.538 -30.000
3 16 -5.913 -1.538 -27.855 -5.385 -1.538 -30.000 -4.926 -5.000 -28.749
3 16 -5.373 -5.000 -27.571 -6.088 -5.000 -26.535 -5.913 -1.538 -27.855
3 16 -7.378 -1.538 -26.202 -5.913 -1.538 -27.855 -6.088 -5.000 -26.535
3 16 -7.031 -5.000 -25.699 -8.147 -5.000 -25.114 -7.378 -1.538 -26.202
3 16 -9.444 -1.538 -25.418 -7.378 -1.538 -26.202 -8.147 -5.000 -25.114
3 16 -9.370 -5.000 -24.812 -10.630 -5.000 -24.812 -9.444 -1.538 -25.418
3 16 -11.637 -1.538 -25.685 -9.444 -1.538 -25.418 -10.630 -5.000 -24.812
3 16 -11.853 -5.000 -25.114 -12.969 -5.000 -25.699 -11.637 -1.538 -25.685
3 16 -13.455 -1.538 -26.939 -11.637 -1.538 -25.685 -12.969 -5.000 -25.699
3 16 -13.912 -5.000 -26.535 -14.627 -5.000 -27.571 -13.455 -1.538 -26.939
3 16 -14.481 -1.538 -28.895 -13.455 -1.538 -26.939 -14.627 -5.000 -27.571
3 16 -15.074 -5.000 -28.749 -15.226 -5.000 -30.000 -14.481 -1.538 -28.895
3 16 -14.481 -1.538 -31.105 -14.481 -1.538 -28.895 -15.226 -5.000 -30.000
3 16 -15.074 -5.000 -31.251 -14.627 -5.000 -32.429 -14.481 -1.538 -31.105
3 16 -13.455 -1.538 -33.061 -14.481 -1.538 -31.105 -14.627 -5.000 -32.429
3 16 -13.912 -5.000 -33.465 -12.969 -5.000 -34.301 -13.455 -1.538 -33.061
3 16 -11.637 -1.538 -34.315 -13.455 -1.538 -33.061 -12.969 -5.000 -34.301
3 16 -11.853 -5.000 -34.886 -10.630 -5.000 -35.188 -11.637 -1.538 -34.315
3 16 -9.444 -1.538 -34.582 -11.637 -1.538 -34.315 -10.630 -5.000 -35.188
3 16 -9.370 -5.000 -35.188 -8.147 -5.000 -34.886 -9.444 -1.538 -34.582
3 16 -7.378 -1.538 -33.798 -9.444 -1.538 -34.582 -8.147 -5.000 -34.886
3 16 -7.031 -5.000 -34.301 -6.088 -5.000 -33.465 -7.378 -1.538 -33.798
3 16 -5.913 -1.538 -32.145 -7.378 -1.538 -33.798 -6.088 -5.000 -33.465
3 16 -5.373 -5.000 -32.429 -4.926 -5.000 -31.251 -5.913 -1.538 -32.145
3 16 -5.385 -1.538 -30.000 -5.913 -1.538 -32.145 -4.926 -5.000 -31.251
3 16 -4.774 -5.000 -30.000 -5.385 -1.538 -30.000 -4.926 -5.000 -31.251
3 16 -5.373 -5.000 -32.429 -5.913 -1.538 -32.145 -6.088 -5.000 -33.465
3 16 -7.031 -5.000 -34.301 -7.378 -1.538 -33.798 -8.147 -5.000 -34.886
3 16 -9.370 -5.000 -35.188 -9.444 -1.538 -34.582 -10.630 -5.000 -35.188
3 16 -11.853 -5.000 -34.886 -11.637 -1.538 -34.315 -12.969 -5.000 -34.301
3 16 -13.912 -5.000 -33.465 -13.455 -1.538 -33.061 -14.627 -5.000 -32.429
3 16 -15.074 -5.000 -31.251 -14.481 -1.538 -31.105 -15.226 -5.000 -30.000
3 16 -15.074 -5.000 -28.749 -14.481 -1.538 -28.895 -14.627 -5.000 -27.571
3 16 -13.912 -5.000 -26.535 -13.455 -1.538 -26.939 -12.969 -5.000 -25.699
3 16 -11.853 -5.000 -25.114 -11.637 -1.538 -25.685 -10.630 -5.000 -24.812
3 16 -9.370 -5.000 -24.812 -9.444 -1.538 -25.418 -8.147 -5.000 -25.114
3 16 -7.031 -5.000 -25.699 -7.378 -1.538 -26.202 -6.088 -5.000 -26.535
3 16 -5.373 -5.000 -27.571 -5.913 -1.538 -27.855 -4.926 -5.000 -28.749
3 16 -5.913 -1.538 -27.855 -7.378 -1.538 -26.202 -10.000 -1.538 -30.000
3 16 -9.444 -1.538 -25.418 -10.000 -1.538 -30.000 -7.378 -1.538 -26.202
3 16 -11.637 -1.538 -25.685 -10.000 -1.538 -30.000 -9.444 -1.538 -25.418
3 16 -13.455 -1.538 -26.939 -10.000 -1.538 -30.000 -11.637 -1.538 -25.685
3 16 -14.481 -1.538 -28.895 -10.000 -1.538 -30.000 -13.455 -1.538 -26.939
3 16 -14.481 -1.538 -31.105 -10.000 -1.538 -30.000 -14.481 -1.538 -28.895
3 16 -13.455 -1.538 -33.061 -10.000 -1.538 -30.000 -14.481 -1.538 -31.105
3 16 -11.637 -1.538 -34.315 -10.000 -1.538 -30.000 -13.455 -1.538 -33.061
3 16 -9.444 -1.538 -34.582 -10.000 -1.538 -30.000 -11.637 -1.538 -34.315
3 16 -7.378 -1.538 -33.798 -10.000 -1.538 -30.000 -9.444 -1.538 -34.582
3 16 -5.913 -1.538 -32.145 -10.000 -1.538 -30.000 -7.378 -1.538 -33.798
3 16 -5.385 -1.538 -30.000 -10.000 -1.538 -30.000 -5.913 -1.538 -32.145
3 16 -5.913 -1.538 -27.855 -10.000 -1.538 -30.000 -5.385 -1.538 -30.000
3 16 -20.000 -7.692 -37.692 -17.692 -10.000 -20.000 -20.000 -7.692 -2.308
3 16 -17.692 -10.000 -10.000 -20.000 -7.692 -2.308 -17.692 -10.000 -20.000
3 16 -17.692 -10.000 -36.731 -17.692 -10.000 -20.000 -20.000 -7.692 -37.692
3 16 -17.692 -10.000 -37.692 -17.692 -10.000 -36.731 -20.000 -7.692 -37.692
3 16 -17.692 -10.000 -2.308 -20.000 -7.692 -2.308 -17.692 -10.000 -10.000
3 16 -20.000 -7.692 -37.692 -17.692 -7.692 -40.000 -17.692 -10.000 -37.692
3 16 -17.692 -10.000 -2.308 -17.692 -7.692 0.000 -20.000 -7.692 -2.308
3 16 -20.000 -7.692 -37.692 -20.000 -7.692 -2.308 -20.000 -2.308 -37.692
3 16 -20.000 -2.308 -2.308 -20.000 -2.308 -37.692 -20.000 -7.692 -2.308
3 16 -17.692 -7.692 -40.000 -20.000 -7.692 -37.692 -17.692 -2.308 -40.000
3 16 -20.000 -2.308 -37.692 -17.692 -2.308 -40.000 -20.000 -7.692 -37.692
3 16 0.000 -10.000 -37.692 -16.731 -10.000 -37.692 -17.692 -7.692 -40.000
3 16 37.692 -7.692 -40.000 20.000 -10.000 -37.692 -17.692 -7.692 -40.000
3 16 0.000 -10.000 -37.692 -17.692 -7.692 -40.000 20.000 -10.000 -37.692
3 16 37.692 -10.000 -37.692 20.000 -10.000 -37.692 37.692 -7.692 -40.000
3 16 -17.692 -10.000 -37.692 -17.692 -7.692 -40.000 -16.731 -10.000 -37.692
3 16 -17.692 0.000 -37.692 -17.692 -2.308 -40.000 -20.000 -2.308 -37.692
3 16 -17.692 -7.692 -40.000 -17.692 -2.308 -40.000 37.692 -7.692 -40.000
3 16 37.692 -2.308 -40.000 37.692 -7.692 -40.000 -17.692 -2.308 -40.000
3 16 37.692 -7.692 -40.000 40.000 -7.692 -37.692 37.692 -10.000 -37.692
3 16 37.692 -10.000 -20.000 37.692 -10.000 -36.731 40.000 -7.692 -37.692
3 16 37.692 -10.000 -10.000 37.692 -10.000 -20.000 40.000 -7.692 -2.308
3 16 40.000 -7.692 -37.692 40.000 -7.692 -2.308 37.692 -10.000 -20.000
3 16 37.692 -10.000 -2.308 37.692 -10.000 -10.000 40.000 -7.692 -2.308
3 16 37.692 -10.000 -37.692 40.000 -7.692 -37.692 37.692 -10.000 -36.731
3 16 -17.692 -7.692 0.000 0.000 -10.000 -2.308 37.692 -7.692 0.000
3 16 20.000 -10.000 -2.308 37.692 -7.692 0.000 0.000 -10.000 -2.308
3 16 -17.692 -10.000 -2.308 -16.731 -10.000 -2.308 -17.692 -7.692 0.000
3 16 0.000 -10.000 -2.308 -17.692 -7.692 0.000 -16.731 -10.000 -2.308
3 16 37.692 -10.000 -2.308 37.692 -7.692 0.000 20.000 -10.000 -2.308
3 16 -20.000 -7.692 -2.308 -17.692 -7.692 0.000 -20.000 -2.308 -2.308
3 16 -17.692 -2.308 0.000 -20.000 -2.308 -2.308 -17.692 -7.692 0.000
3 16 -20.000 -2.308 -37.692 -20.000 -2.308 -2.308 -17.692 0.000 -37.692
3 16 -17.692 0.000 -2.308 -17.692 0.000 -37.692 -20.000 -2.308 -2.308
3 16 -17.692 -2.308 -40.000 -17.692 0.000 -37.692 37.692 -2.308 -40.000
3 16 37.692 0.000 -37.692 37.692 -2.308 -40.000 -17.692 0.000 -37.692
3 16 40.000 -7.692 -37.692 37.692 -7.692 -40.000 40.000 -2.308 -37.692
3 16 37.692 -2.308 -40.000 40.000 -2.308 -37.692 37.692 -7.692 -40.000
3 16 40.000 -7.692 -2.308 37.692 -7.692 0.000 37.692 -10.000 -2.308
3 16 40.000 -2.308 -37.692 40.000 -2.308 -2.308 40.000 -7.692 -37.692
3 16 40.000 -7.692 -2.308 40.000 -7.692 -37.692 40.000 -2.308 -2.308
3 16 37.692 0.000 -37.692 40.000 -2.308 -37.692 37.692 -2.308 -40.000
3 16 -17.692 -7.692 0.000 37.692 -7.692 0.000 -17.692 -2.308 0.000
3 16 37.692 -2.308 0.000 -17.692 -2.308 0.000 37.692 -7.692 0.000
3 16 -17.692 0.000 -37.692 -17.692 0.000 -2.308 37.692 0.000 -37.692
3 16 37.692 0.000 -2.308 37.692 0.000 -37.692 -17.692 0.000 -2.308
3 16 -17.692 -2.308 0.000 -17.692 0.000 -2.308 -20.000 -2.308 -2.308
3 16 37.692 -7.692 0.000 40.000 -7.692 -2.308 37.692 -2.308 0.000
3 16 40.000 -2.308 -2.308 37.692 -2.308 0.000 40.000 -7.692 -2.308
3 16 37.692 -2.308 0.000 37.692 0.000 -2.308 -17.692 -2.308 0.000
3 16 -17.692 0.000 -2.308 -17.692 -2.308 0.000 37.692 0.000 -2.308
3 16 40.000 -2.308 -37.692 37.692 0.000 -37.692 40.000 -2.308 -2.308
3 16 37.692 0.000 -2.308 40.000 -2.308 -2.308 37.692 0.000 -37.692
3 16 40.000 -2.308 -2.308 37.692 0.000 -2.308 37.692 -2.308 0.000
2 24 34.087 -1.538 -7.855 32.622 -1.538 -6.202
2 24 -11.637 -8.846 -34.315 -13.455 -8.846 -33.061
2 24 27.954 -10.000 -15.394 25.682 -10.000 -13.826
2 24 -13.455 -8.846 -6.939 -14.481 -8.846 -8.895
2 24 37.692 0.000 -37.692 -17.692 0.000 -37.692
2 24 25.519 -8.846 -31.105 25.519 -8.846 -28.895
2 24 25.519 -8.846 -11.105 25.519 -8.846 -8.895
2 24 35.769 -10.000 -10.000 35.108 -10.000 -7.319
2 24 24.398 -10.000 -31.381 24.398 -10.000 -28.619
2 24 24.398 -10.000 -11.381 24.398 -10.000 -8.619
2 24 32.622 -1.538 -6.202 30.556 -1.538 -5.418
2 24 -9.305 -10.000 -4.273 -12.046 -10.000 -4.606
2 24 -9.444 -8.846 -5.418 -11.637 -8.846 -5.685
2 24 37.692 -10.000 -2.308 -17.692 -10.000 -2.308
2 24 40.000 -7.692 -2.308 40.000 -2.308 -2.308
2 24 4.398 -10.000 -31.381 4.398 -10.000 -28.619
2 24 4.398 -10.000 -11.381 4.398 -10.000 -8.619
2 24 5.519 -8.846 -31.105 5.519 -8.846 -28.895
2 24 5.519 -8.846 -11.105 5.519 -8.846 -8.895
2 24 14.615 -8.846 -30.000 14.087 -8.846 -27.855
2 24 30.556 -1.538 -5.418 28.363 -1.538 -5.685
2 24 -11.637 -1.538 -5.685 -13.455 -1.538 -6.939
2 24 28.363 -8.846 -14.315 26.545 -8.846 -13.061
2 24 28.363 -1.538 -5.685 26.545 -1.538 -6.939
2 24 30.695 -10.000 -35.727 27.954 -10.000 -35.394
2 24 10.556 -8.846 -34.582 8.363 -8.846 -34.315
2 24 32.622 -8.846 -13.798 30.556 -8.846 -14.582
2 24 27.954 -10.000 -35.394 25.682 -10.000 -33.826
2 24 -4.892 -10.000 -12.681 -6.723 -10.000 -14.748
2 24 26.545 -1.538 -6.939 25.519 -1.538 -8.895
2 24 30.556 -8.846 -14.582 28.363 -8.846 -14.315
2 24 25.519 -1.538 -31.105 25.519 -1.538 -28.895
2 24 25.519 -1.538 -11.105 25.519 -1.538 -8.895
2 24 -5.913 -8.846 -32.145 -7.378 -8.846 -33.798
2 24 -5.385 -1.538 -30.000 -5.913 -1.538 -32.145
2 24 26.545 -1.538 -13.061 25.519 -1.538 -11.105
2 24 6.545 -8.846 -13.061 5.519 -8.846 -11.105
2 24 28.363 -1.538 -25.685 26.545 -1.538 -26.939
2 24 34.615 -8.846 -30.000 34.087 -8.846 -27.855
2 24 28.363 -1.538 -14.315 26.545 -1.538 -13.061
2 24 30.556 -1.538 -14.582 28.363 -1.538 -14.315
2 24 -13.455 -8.846 -13.061 -14.481 -8.846 -11.105
2 24 8.363 -8.846 -25.685 6.545 -8.846 -26.939
2 24 32.622 -1.538 -13.798 30.556 -1.538 -14.582
2 24 -9.305 -10.000 -24.273 -12.046 -10.000 -24.606
2 24 -11.637 -1.538 -14.315 -13.455 -1.538 -13.061
2 24 12.622 -8.846 -26.202 10.556 -8.846 -25.418
2 24 -9.444 -8.846 -25.418 -11.637 -8.846 -25.685
2 24 33.277 -10.000 -5.252 30.695 -10.000 -4.273
2 24 -7.378 -1.538 -6.202 -9.444 -1.538 -5.418
2 24 34.087 -1.538 -12.145 32.622 -1.538 -13.798
2 24 5.682 -10.000 -26.174 4.398 -10.000 -28.619
2 24 6.545 -8.846 -26.939 5.519 -8.846 -28.895
2 24 34.615 -1.538 -10.000 34.087 -1.538 -12.145
2 24 34.615 -1.538 -10.000 34.087 -1.538 -7.855
2 24 26.545 -8.846 -6.939 25.519 -8.846 -8.895
2 24 15.769 -10.000 -10.000 15.108 -10.000 -12.681
2 24 32.622 -8.846 -6.202 30.556 -8.846 -5.418
2 24 13.277 -10.000 -25.252 10.695 -10.000 -24.273
2 24 13.277 -10.000 -14.748 10.695 -10.000 -15.727
2 24 5.682 -10.000 -6.174 4.398 -10.000 -8.619
2 24 -5.385 -8.846 -30.000 -5.913 -8.846 -27.855
2 24 -11.637 -8.846 -14.315 -13.455 -8.846 -13.061
2 24 -5.913 -1.538 -27.855 -7.378 -1.538 -26.202
2 24 -13.455 -1.538 -26.939 -14.481 -1.538 -28.895
2 24 -20.000 -2.308 -37.692 -20.000 -2.308 -2.308
2 24 37.692 -2.308 -40.000 -17.692 -2.308 -40.000
2 24 -17.692 0.000 -37.692 -17.692 0.000 -2.308
2 24 -12.046 -10.000 -24.606 -14.318 -10.000 -26.174
2 24 30.695 -10.000 -24.273 27.954 -10.000 -24.606
2 24 30.556 -8.846 -25.418 28.363 -8.846 -25.685
2 24 10.556 -1.538 -34.582 8.363 -1.538 -34.315
2 24 -12.046 -10.000 -4.606 -14.318 -10.000 -6.174
2 24 -11.637 -8.846 -5.685 -13.455 -8.846 -6.939
2 24 10.556 -1.538 -5.418 8.363 -1.538 -5.685
2 24 37.692 -7.692 0.000 -17.692 -7.692 0.000
2 24 37.692 -7.692 0.000 37.692 -2.308 0.000
2 24 -6.723 -10.000 -14.748 -9.305 -10.000 -15.727
2 24 12.622 -1.538 -26.202 10.556 -1.538 -25.418
2 24 -9.444 -1.538 -25.418 -11.637 -1.538 -25.685
2 24 -6.723 -10.000 -25.252 -9.305 -10.000 -24.273
2 24 8.363 -8.846 -14.315 6.545 -8.846 -13.061
2 24 -5.913 -8.846 -12.145 -7.378 -8.846 -13.798
2 24 30.556 -8.846 -34.582 28.363 -8.846 -34.315
2 24 -11.637 -1.538 -34.315 -13.455 -1.538 -33.061
2 24 -9.305 -10.000 -15.727 -12.046 -10.000 -15.394
2 24 -7.378 -8.846 -6.202 -9.444 -8.846 -5.418
2 24 34.615 -8.846 -10.000 34.087 -8.846 -7.855
2 24 34.087 -1.538 -32.145 32.622 -1.538 -33.798
2 24 30.695 -10.000 -15.727 27.954 -10.000 -15.394
2 24 10.556 -8.846 -14.582 8.363 -8.846 -14.315
2 24 12.622 -8.846 -6.202 10.556 -8.846 -5.418
2 24 -7.378 -8.846 -13.798 -9.444 -8.846 -14.582
2 24 14.615 -1.538 -10.000 14.087 -1.538 -12.145
2 24 13.277 -10.000 -5.252 10.695 -10.000 -4.273
2 24 -9.305 -10.000 -35.727 -12.046 -10.000 -35.394
2 24 14.087 -1.538 -7.855 12.622 -1.538 -6.202
2 24 34.087 -1.538 -27.855 32.622 -1.538 -26.202
2 24 7.954 -10.000 -15.394 5.682 -10.000 -13.826
2 24 28.363 -8.846 -34.315 26.545 -8.846 -33.061
2 24 -7.378 -1.538 -33.798 -9.444 -1.538 -34.582
2 24 32.622 -1.538 -26.202 30.556 -1.538 -25.418
2 24 27.954 -10.000 -4.606 25.682 -10.000 -6.174
2 24 37.692 -10.000 -37.692 -17.692 -10.000 -37.692
2 24 -7.378 -8.846 -33.798 -9.444 -8.846 -34.582
2 24 -20.000 -7.692 -37.692 -20.000 -7.692 -2.308
2 24 37.692 -7.692 -40.000 -17.692 -7.692 -40.000
2 24 37.692 -7.692 -40.000 37.692 -2.308 -40.000
2 24 40.000 -7.692 -37.692 40.000 -2.308 -37.692
2 24 28.363 -8.846 -5.685 26.545 -8.846 -6.939
2 24 8.363 -1.538 -25.685 6.545 -1.538 -26.939
2 24 -9.444 -1.538 -14.582 -11.637 -1.538 -14.315
2 24 -14.481 -1.538 -31.105 -14.481 -1.538 -28.895
2 24 -14.481 -1.538 -11.105 -14.481 -1.538 -8.895
2 24 33.277 -10.000 -25.252 30.695 -10.000 -24.273
2 24 -7.378 -1.538 -26.202 -9.444 -1.538 -25.418
2 24 -11.637 -8.846 -25.685 -13.455 -8.846 -26.939
2 24 33.277 -10.000 -34.748 30.695 -10.000 -35.727
2 24 10.695 -10.000 -15.727 7.954 -10.000 -15.394
2 24 -9.444 -8.846 -14.582 -11.637 -8.846 -14.315
2 24 34.087 -8.846 -32.145 32.622 -8.846 -33.798
2 24 32.622 -1.538 -33.798 30.556 -1.538 -34.582
2 24 34.087 -8.846 -7.855 32.622 -8.846 -6.202
2 24 15.108 -10.000 -7.319 13.277 -10.000 -5.252
2 24 -5.385 -1.538 -30.000 -5.913 -1.538 -27.855
2 24 35.108 -10.000 -27.319 33.277 -10.000 -25.252
2 24 6.545 -1.538 -6.939 5.519 -1.538 -8.895
2 24 30.556 -8.846 -5.418 28.363 -8.846 -5.685
2 24 34.087 -8.846 -12.145 32.622 -8.846 -13.798
2 24 14.615 -1.538 -30.000 14.087 -1.538 -32.145
2 24 15.108 -10.000 -32.681 13.277 -10.000 -34.748
2 24 37.692 -2.308 0.000 -17.692 -2.308 0.000
2 24 37.692 0.000 -2.308 -17.692 0.000 -2.308
2 24 26.545 -1.538 -26.939 25.519 -1.538 -28.895
2 24 15.769 -10.000 -30.000 15.108 -10.000 -32.681
2 24 35.769 -10.000 -30.000 35.108 -10.000 -27.319
2 24 15.769 -10.000 -30.000 15.108 -10.000 -27.319
2 24 -20.000 -7.692 -37.692 -20.000 -2.308 -37.692
2 24 -6.723 -10.000 -5.252 -9.305 -10.000 -4.273
2 24 -7.378 -8.846 -26.202 -9.444 -8.846 -25.418
2 24 10.695 -10.000 -4.273 7.954 -10.000 -4.606
2 24 10.556 -8.846 -5.418 8.363 -8.846 -5.685
2 24 8.363 -1.538 -5.685 6.545 -1.538 -6.939
2 24 12.622 -1.538 -13.798 10.556 -1.538 -14.582
2 24 10.695 -10.000 -35.727 7.954 -10.000 -35.394
2 24 8.363 -8.846 -34.315 6.545 -8.846 -33.061
2 24 -9.444 -8.846 -34.582 -11.637 -8.846 -34.315
2 24 -5.913 -8.846 -7.855 -7.378 -8.846 -6.202
2 24 5.682 -10.000 -13.826 4.398 -10.000 -11.381
2 24 -5.385 -8.846 -10.000 -5.913 -8.846 -7.855
2 24 -13.455 -1.538 -6.939 -14.481 -1.538 -8.895
2 24 32.622 -8.846 -26.202 30.556 -8.846 -25.418
2 24 10.556 -1.538 -25.418 8.363 -1.538 -25.685
2 24 35.108 -10.000 -12.681 33.277 -10.000 -14.748
2 24 -6.723 -10.000 -34.748 -9.305 -10.000 -35.727
2 24 -5.913 -8.846 -27.855 -7.378 -8.846 -26.202
2 24 -5.913 -1.538 -32.145 -7.378 -1.538 -33.798
2 24 8.363 -1.538 -34.315 6.545 -1.538 -33.061
2 24 -9.444 -1.538 -34.582 -11.637 -1.538 -34.315
2 24 34.615 -8.846 -10.000 34.087 -8.846 -12.145
2 24 10.695 -10.000 -24.273 7.954 -10.000 -24.606
2 24 -14.318 -10.000 -6.174 -15.602 -10.000 -8.619
2 24 10.556 -8.846 -25.418 8.363 -8.846 -25.685
2 24 35.108 -10.000 -7.319 33.277 -10.000 -5.252
2 24 7.954 -10.000 -24.606 5.682 -10.000 -26.174
2 24 8.363 -1.538 -14.315 6.545 -1.538 -13.061
2 24 -5.913 -1.538 -12.145 -7.378 -1.538 -13.798
2 24 30.556 -1.538 -34.582 28.363 -1.538 -34.315
2 24 -15.602 -10.000 -31.381 -15.602 -10.000 -28.619
2 24 -15.602 -10.000 -11.381 -15.602 -10.000 -8.619
2 24 -14.481 -8.846 -31.105 -14.481 -8.846 -28.895
2 24 -14.481 -8.846 -11.105 -14.481 -8.846 -8.895
2 24 -17.692 -10.000 -37.692 -17.692 -10.000 -2.308
2 24 15.108 -10.000 -27.319 13.277 -10.000 -25.252
2 24 -4.892 -10.000 -7.319 -6.723 -10.000 -5.252
2 24 14.087 -8.846 -7.855 12.622 -8.846 -6.202
2 24 14.087 -1.538 -12.145 12.622 -1.538 -13.798
2 24 34.087 -8.846 -27.855 32.622 -8.846 -26.202
2 24 6.545 -1.538 -33.061 5.519 -1.538 -31.105
2 24 -13.455 -8.846 -33.061 -14.481 -8.846 -31.105
2 24 -4.231 -10.000 -10.000 -4.892 -10.000 -12.681
2 24 6.545 -8.846 -6.939 5.519 -8.846 -8.895
2 24 14.087 -8.846 -32.145 12.622 -8.846 -33.798
2 24 -12.046 -10.000 -15.394 -14.318 -10.000 -13.826
2 24 -5.913 -1.538 -7.855 -7.378 -1.538 -6.202
2 24 14.087 -1.538 -27.855 12.622 -1.538 -26.202
2 24 26.545 -8.846 -13.061 25.519 -8.846 -11.105
2 24 27.954 -10.000 -24.606 25.682 -10.000 -26.174
2 24 14.615 -1.538 -10.000 14.087 -1.538 -7.855
2 24 35.108 -10.000 -32.681 33.277 -10.000 -34.748
2 24 40.000 -2.308 -37.692 40.000 -2.308 -2.308
2 24 25.682 -10.000 -26.174 24.398 -10.000 -28.619
2 24 26.545 -8.846 -26.939 25.519 -8.846 -28.895
2 24 37.692 0.000 -37.692 37.692 0.000 -2.308
2 24 12.622 -1.538 -6.202 10.556 -1.538 -5.418
2 24 10.556 -1.538 -14.582 8.363 -1.538 -14.315
2 24 -7.378 -1.538 -13.798 -9.444 -1.538 -14.582
2 24 25.682 -10.000 -6.174 24.398 -10.000 -8.619
2 24 -4.231 -10.000 -30.000 -4.892 -10.000 -27.319
2 24 15.108 -10.000 -12.681 13.277 -10.000 -14.748
2 24 28.363 -8.846 -25.685 26.545 -8.846 -26.939
2 24 14.087 -1.538 -32.145 12.622 -1.538 -33.798
2 24 25.682 -10.000 -13.826 24.398 -10.000 -11.381
2 24 -14.318 -10.000 -13.826 -15.602 -10.000 -11.381
2 24 -5.385 -1.538 -10.000 -5.913 -1.538 -7.855
2 24 12.622 -8.846 -33.798 10.556 -8.846 -34.582
2 24 -13.455 -1.538 -13.061 -14.481 -1.538 -11.105
2 24 -4.892 -10.000 -27.319 -6.723 -10.000 -25.252
2 24 14.087 -8.846 -27.855 12.622 -8.846 -26.202
2 24 -5.385 -1.538 -10.000 -5.913 -1.538 -12.145
2 24 30.695 -10.000 -4.273 27.954 -10.000 -4.606
2 24 -14.318 -10.000 -26.174 -15.602 -10.000 -28.619
2 24 12.622 -1.538 -33.798 10.556 -1.538 -34.582
2 24 13.277 -10.000 -34.748 10.695 -10.000 -35.727
2 24 -5.385 -8.846 -10.000 -5.913 -8.846 -12.145
2 24 6.545 -8.846 -33.061 5.519 -8.846 -31.105
2 24 -4.231 -10.000 -10.000 -4.892 -10.000 -7.319
2 24 6.545 -1.538 -26.939 5.519 -1.538 -28.895
2 24 32.622 -8.846 -33.798 30.556 -8.846 -34.582
2 24 -4.231 -10.000 -30.000 -4.892 -10.000 -32.681
2 24 5.519 -1.538 -31.105 5.519 -1.538 -28.895
2 24 5.519 -1.538 -11.105 5.519 -1.538 -8.895
2 24 26.545 -8.846 -33.061 25.519 -8.846 -31.105
2 24 14.615 -1.538 -30.000 14.087 -1.538 -27.855
2 24 -4.892 -10.000 -32.681 -6.723 -10.000 -34.748
2 24 5.682 -10.000 -33.826 4.398 -10.000 -31.381
2 24 14.087 -8.846 -12.145 12.622 -8.846 -13.798
2 24 26.545 -1.538 -33.061 25.519 -1.538 -31.105
2 24 33.277 -10.000 -14.748 30.695 -10.000 -15.727
2 24 7.954 -10.000 -35.394 5.682 -10.000 -33.826
2 24 35.769 -10.000 -10.000 35.108 -10.000 -12.681
2 24 -13.455 -8.846 -26.939 -14.481 -8.846 -28.895
2 24 -12.046 -10.000 -35.394 -14.318 -10.000 -33.826
2 24 -13.455 -1.538 -33.061 -14.481 -1.538 -31.105
2 24 -14.318 -10.000 -33.826 -15.602 -10.000 -31.381
2 24 34.615 -1.538 -30.000 34.087 -1.538 -27.855
2 24 25.682 -10.000 -33.826 24.398 -10.000 -31.381
2 24 -5.385 -8.846 -30.000 -5.913 -8.846 -32.145
2 24 35.769 -10.000 -30.000 35.108 -10.000 -32.681
2 24 14.615 -8.846 -30.000 14.087 -8.846 -32.145
2 24 15.769 -10.000 -10.000 15.108 -10.000 -7.319
2 24 6.545 -1.538 -13.061 5.519 -1.538 -11.105
2 24 37.692 -10.000 -37.692 37.692 -10.000 -2.308
2 24 40.000 -7.692 -37.692 40.000 -7.692 -2.308
2 24 7.954 -10.000 -4.606 5.682 -10.000 -6.174
2 24 12.622 -8.846 -13.798 10.556 -8.846 -14.582
2 24 8.363 -8.846 -5.685 6.545 -8.846 -6.939
2 24 30.556 -1.538 -25.418 28.363 -1.538 -25.685
2 24 -11.637 -1.538 -25.685 -13.455 -1.538 -26.939
2 24 28.363 -1.538 -34.315 26.545 -1.538 -33.061
2 24 14.615 -8.846 -10.000 14.087 -8.846 -12.145
2 24 14.615 -8.846 -10.000 14.087 -8.846 -7.855
2 24 -17.692 -7.692 -40.000 -17.692 -2.308 -40.000
2 24 -9.444 -1.538 -5.418 -11.637 -1.538 -5.685
2 24 -20.000 -7.692 -2.308 -20.000 -2.308 -2.308
2 24 -17.692 -7.692 0.000 -17.692 -2.308 0.000
2 24 34.615 -8.846 -30.000 34.087 -8.846 -32.145
2 24 34.615 -1.538 -30.000 34.087 -1.538 -32.145
