0 FILE mC3915FAB_202481_031515.dat
0 bem-sm-1
0 Name:  mC3915FAB_202481_031515.dat
0 Author:  
0 BFC CERTIFY CCW
3 16 -6.399 0.000 -3.189 -3.623 0.000 -5.630 -10.000 0.000 -10.000
3 16 -2.308 0.000 -9.073 -10.000 0.000 -10.000 -3.623 0.000 -5.630
3 16 -2.755 0.000 -12.728 -10.000 0.000 -10.000 -2.308 0.000 -9.073
3 16 -4.862 0.000 -15.758 -10.000 0.000 -10.000 -2.755 0.000 -12.728
3 16 -8.146 0.000 -17.469 -10.000 0.000 -10.000 -4.862 0.000 -15.758
3 16 -10.000 0.000 -17.692 -10.000 0.000 -10.000 -8.146 0.000 -17.469
3 16 -11.854 0.000 -17.469 -10.000 0.000 -10.000 -10.000 0.000 -17.692
3 16 -15.138 0.000 -15.758 -10.000 0.000 -10.000 -11.854 0.000 -17.469
3 16 -17.245 0.000 -12.728 -10.000 0.000 -10.000 -15.138 0.000 -15.758
3 16 -17.692 0.000 -9.073 -10.000 0.000 -10.000 -17.245 0.000 -12.728
3 16 -16.377 0.000 -5.630 -10.000 0.000 -10.000 -17.692 0.000 -9.073
3 16 -13.601 0.000 -3.189 -10.000 0.000 -10.000 -16.377 0.000 -5.630
3 16 -10.000 0.000 -2.308 -10.000 0.000 -10.000 -13.601 0.000 -3.189
3 16 -6.399 0.000 -3.189 -10.000 0.000 -10.000 -10.000 0.000 -2.308
3 16 -10.000 0.000 -17.692 -8.146 0.000 -17.469 -10.000 -2.308 -20.000
3 16 -8.146 0.000 -17.469 -4.862 0.000 -15.758 -7.589 -2.308 -19.709
3 16 -4.862 0.000 -15.758 -2.755 0.000 -12.728 -3.320 -2.308 -17.485
3 16 -2.755 0.000 -12.728 -2.308 0.000 -9.073 -0.581 -2.308 -13.546
3 16 -2.308 0.000 -9.073 -3.623 0.000 -5.630 0.000 -2.308 -8.795
3 16 -3.623 0.000 -5.630 -6.399 0.000 -3.189 -1.710 -2.308 -4.319
3 16 -6.399 0.000 -3.189 -10.000 0.000 -2.308 -5.319 -2.308 -1.145
3 16 -10.000 0.000 -2.308 -13.601 0.000 -3.189 -10.000 -2.308 0.000
3 16 -13.601 0.000 -3.189 -16.377 0.000 -5.630 -14.681 -2.308 -1.145
3 16 -16.377 0.000 -5.630 -17.692 0.000 -9.073 -18.290 -2.308 -4.319
3 16 -17.692 0.000 -9.073 -17.245 0.000 -12.728 -20.000 -2.308 -8.795
3 16 -17.245 0.000 -12.728 -15.138 0.000 -15.758 -19.419 -2.308 -13.546
3 16 -15.138 0.000 -15.758 -11.854 0.000 -17.469 -16.680 -2.308 -17.485
3 16 -11.854 0.000 -17.469 -10.000 0.000 -17.692 -12.411 -2.308 -19.709
3 16 -10.000 -2.308 -20.000 -12.411 -2.308 -19.709 -10.000 0.000 -17.692
3 16 -12.411 -2.308 -19.709 -16.680 -2.308 -17.485 -11.854 0.000 -17.469
3 16 -16.680 -2.308 -17.485 -19.419 -2.308 -13.546 -15.138 0.000 -15.758
3 16 -19.419 -2.308 -13.546 -20.000 -2.308 -8.795 -17.245 0.000 -12.728
3 16 -20.000 -2.308 -8.795 -18.290 -2.308 -4.319 -17.692 0.000 -9.073
3 16 -18.290 -2.308 -4.319 -14.681 -2.308 -1.145 -16.377 0.000 -5.630
3 16 -14.681 -2.308 -1.145 -10.000 -2.308 0.000 -13.601 0.000 -3.189
3 16 -10.000 -2.308 0.000 -5.319 -2.308 -1.145 -10.000 0.000 -2.308
3 16 -5.319 -2.308 -1.145 -1.710 -2.308 -4.319 -6.399 0.000 -3.189
3 16 -1.710 -2.308 -4.319 0.000 -2.308 -8.795 -3.623 0.000 -5.630
3 16 0.000 -2.308 -8.795 -0.581 -2.308 -13.546 -2.308 0.000 -9.073
3 16 -0.581 -2.308 -13.546 -3.320 -2.308 -17.485 -2.755 0.000 -12.728
3 16 -3.320 -2.308 -17.485 -7.589 -2.308 -19.709 -4.862 0.000 -15.758
3 16 -7.589 -2.308 -19.709 -10.000 -2.308 -20.000 -8.146 0.000 -17.469
3 16 -10.000 -7.692 0.000 -5.319 -7.692 -1.145 -10.000 -2.308 0.000
3 16 -5.319 -7.692 -1.145 -1.710 -7.692 -4.319 -5.319 -2.308 -1.145
3 16 -1.710 -7.692 -4.319 0.000 -7.692 -8.795 -1.710 -2.308 -4.319
3 16 0.000 -7.692 -8.795 -0.581 -7.692 -13.546 0.000 -2.308 -8.795
3 16 -0.581 -7.692 -13.546 -3.320 -7.692 -17.485 -0.581 -2.308 -13.546
3 16 -3.320 -7.692 -17.485 -7.589 -7.692 -19.709 -3.320 -2.308 -17.485
3 16 -12.411 -7.692 -19.709 -10.000 -2.308 -20.000 -7.589 -7.692 -19.709
3 16 -12.411 -2.308 -19.709 -10.000 -2.308 -20.000 -12.411 -7.692 -19.709
3 16 -12.411 -7.692 -19.709 -16.680 -7.692 -17.485 -12.411 -2.308 -19.709
3 16 -16.680 -7.692 -17.485 -19.419 -7.692 -13.546 -16.680 -2.308 -17.485
3 16 -19.419 -7.692 -13.546 -20.000 -7.692 -8.795 -19.419 -2.308 -13.546
3 16 -20.000 -7.692 -8.795 -18.290 -7.692 -4.319 -20.000 -2.308 -8.795
3 16 -18.290 -7.692 -4.319 -14.681 -7.692 -1.145 -18.290 -2.308 -4.319
3 16 -14.681 -7.692 -1.145 -10.000 -7.692 0.000 -14.681 -2.308 -1.145
3 16 -10.000 -2.308 0.000 -14.681 -2.308 -1.145 -10.000 -7.692 0.000
3 16 -14.681 -2.308 -1.145 -18.290 -2.308 -4.319 -14.681 -7.692 -1.145
3 16 -18.290 -2.308 -4.319 -20.000 -2.308 -8.795 -18.290 -7.692 -4.319
3 16 -20.000 -2.308 -8.795 -19.419 -2.308 -13.546 -20.000 -7.692 -8.795
3 16 -19.419 -2.308 -13.546 -16.680 -2.308 -17.485 -19.419 -7.692 -13.546
3 16 -16.680 -2.308 -17.485 -12.411 -2.308 -19.709 -16.680 -7.692 -17.485
3 16 -7.589 -2.308 -19.709 -7.589 -7.692 -19.709 -10.000 -2.308 -20.000
3 16 -7.589 -2.308 -19.709 -3.320 -2.308 -17.485 -7.589 -7.692 -19.709
3 16 -3.320 -2.308 -17.485 -0.581 -2.308 -13.546 -3.320 -7.692 -17.485
3 16 -0.581 -2.308 -13.546 0.000 -2.308 -8.795 -0.581 -7.692 -13.546
3 16 0.000 -2.308 -8.795 -1.710 -2.308 -4.319 0.000 -7.692 -8.795
3 16 -1.710 -2.308 -4.319 -5.319 -2.308 -1.145 -1.710 -7.692 -4.319
3 16 -5.319 -2.308 -1.145 -10.000 -2.308 0.000 -5.319 -7.692 -1.145
3 16 -10.000 -10.000 -2.308 -6.399 -10.000 -3.189 -10.000 -7.692 0.000
3 16 -6.399 -10.000 -3.189 -3.623 -10.000 -5.630 -5.319 -7.692 -1.145
3 16 -3.623 -10.000 -5.630 -2.308 -10.000 -9.073 -1.710 -7.692 -4.319
3 16 -2.308 -10.000 -9.073 -2.755 -10.000 -12.728 0.000 -7.692 -8.795
3 16 -2.755 -10.000 -12.728 -4.862 -10.000 -15.758 -0.581 -7.692 -13.546
3 16 -4.862 -10.000 -15.758 -8.146 -10.000 -17.469 -3.320 -7.692 -17.485
3 16 -8.146 -10.000 -17.469 -11.854 -10.000 -17.469 -7.589 -7.692 -19.709
3 16 -11.854 -10.000 -17.469 -15.138 -10.000 -15.758 -12.411 -7.692 -19.709
3 16 -15.138 -10.000 -15.758 -17.245 -10.000 -12.728 -16.680 -7.692 -17.485
3 16 -17.245 -10.000 -12.728 -17.692 -10.000 -9.073 -19.419 -7.692 -13.546
3 16 -17.692 -10.000 -9.073 -16.377 -10.000 -5.630 -20.000 -7.692 -8.795
3 16 -16.377 -10.000 -5.630 -13.601 -10.000 -3.189 -18.290 -7.692 -4.319
3 16 -13.601 -10.000 -3.189 -10.000 -10.000 -2.308 -14.681 -7.692 -1.145
3 16 -10.000 -7.692 0.000 -14.681 -7.692 -1.145 -10.000 -10.000 -2.308
3 16 -14.681 -7.692 -1.145 -18.290 -7.692 -4.319 -13.601 -10.000 -3.189
3 16 -18.290 -7.692 -4.319 -20.000 -7.692 -8.795 -16.377 -10.000 -5.630
3 16 -20.000 -7.692 -8.795 -19.419 -7.692 -13.546 -17.692 -10.000 -9.073
3 16 -19.419 -7.692 -13.546 -16.680 -7.692 -17.485 -17.245 -10.000 -12.728
3 16 -16.680 -7.692 -17.485 -12.411 -7.692 -19.709 -15.138 -10.000 -15.758
3 16 -12.411 -7.692 -19.709 -7.589 -7.692 -19.709 -11.854 -10.000 -17.469
3 16 -7.589 -7.692 -19.709 -3.320 -7.692 -17.485 -8.146 -10.000 -17.469
3 16 -3.320 -7.692 -17.485 -0.581 -7.692 -13.546 -4.862 -10.000 -15.758
3 16 -0.581 -7.692 -13.546 0.000 -7.692 -8.795 -2.755 -10.000 -12.728
3 16 0.000 -7.692 -8.795 -1.710 -7.692 -4.319 -2.308 -10.000 -9.073
3 16 -1.710 -7.692 -4.319 -5.319 -7.692 -1.145 -3.623 -10.000 -5.630
3 16 -5.319 -7.692 -1.145 -10.000 -7.692 0.000 -6.399 -10.000 -3.189
3 16 -10.000 -10.000 -4.231 -8.609 -10.000 -4.398 -10.000 -10.000 -2.308
3 16 -13.601 -10.000 -3.189 -11.391 -10.000 -4.398 -10.000 -10.000 -2.308
3 16 -8.609 -10.000 -4.398 -6.146 -10.000 -5.682 -6.399 -10.000 -3.189
3 16 -10.000 -10.000 -4.231 -10.000 -10.000 -2.308 -11.391 -10.000 -4.398
3 16 -4.566 -10.000 -7.954 -4.231 -10.000 -10.695 -2.308 -10.000 -9.073
3 16 -6.146 -10.000 -5.682 -4.566 -10.000 -7.954 -3.623 -10.000 -5.630
3 16 -6.399 -10.000 -3.189 -10.000 -10.000 -2.308 -8.609 -10.000 -4.398
3 16 -15.434 -10.000 -7.954 -13.854 -10.000 -5.682 -16.377 -10.000 -5.630
3 16 -15.769 -10.000 -10.695 -15.434 -10.000 -7.954 -17.692 -10.000 -9.073
3 16 -14.783 -10.000 -13.277 -15.769 -10.000 -10.695 -17.245 -10.000 -12.728
3 16 -12.701 -10.000 -15.108 -14.783 -10.000 -13.277 -15.138 -10.000 -15.758
3 16 -2.308 -10.000 -9.073 -3.623 -10.000 -5.630 -4.566 -10.000 -7.954
3 16 -13.854 -10.000 -5.682 -11.391 -10.000 -4.398 -13.601 -10.000 -3.189
3 16 -16.377 -10.000 -5.630 -17.692 -10.000 -9.073 -15.434 -10.000 -7.954
3 16 -17.245 -10.000 -12.728 -15.138 -10.000 -15.758 -14.783 -10.000 -13.277
3 16 -5.217 -10.000 -13.277 -7.299 -10.000 -15.108 -4.862 -10.000 -15.758
3 16 -4.231 -10.000 -10.695 -5.217 -10.000 -13.277 -2.755 -10.000 -12.728
3 16 -3.623 -10.000 -5.630 -6.399 -10.000 -3.189 -6.146 -10.000 -5.682
3 16 -17.692 -10.000 -9.073 -17.245 -10.000 -12.728 -15.769 -10.000 -10.695
3 16 -4.862 -10.000 -15.758 -2.755 -10.000 -12.728 -5.217 -10.000 -13.277
3 16 -13.601 -10.000 -3.189 -16.377 -10.000 -5.630 -13.854 -10.000 -5.682
3 16 -7.299 -10.000 -15.108 -10.000 -10.000 -15.769 -8.146 -10.000 -17.469
3 16 -2.755 -10.000 -12.728 -2.308 -10.000 -9.073 -4.231 -10.000 -10.695
3 16 -8.146 -10.000 -17.469 -4.862 -10.000 -15.758 -7.299 -10.000 -15.108
3 16 -10.000 -10.000 -15.769 -12.701 -10.000 -15.108 -11.854 -10.000 -17.469
3 16 -15.138 -10.000 -15.758 -11.854 -10.000 -17.469 -12.701 -10.000 -15.108
3 16 -11.854 -10.000 -17.469 -8.146 -10.000 -17.469 -10.000 -10.000 -15.769
3 16 -7.839 -8.846 -14.087 -9.440 -8.846 -14.582 -7.299 -10.000 -15.108
3 16 -10.000 -10.000 -15.769 -7.299 -10.000 -15.108 -9.440 -8.846 -14.582
3 16 -6.174 -8.846 -12.622 -7.359 -8.846 -13.798 -5.217 -10.000 -13.277
3 16 -7.299 -10.000 -15.108 -5.217 -10.000 -13.277 -7.359 -8.846 -13.798
3 16 -5.385 -8.846 -10.556 -5.883 -8.846 -12.145 -4.231 -10.000 -10.695
3 16 -5.217 -10.000 -13.277 -4.231 -10.000 -10.695 -5.883 -8.846 -12.145
3 16 -5.653 -8.846 -8.363 -5.351 -8.846 -10.000 -4.566 -10.000 -7.954
3 16 -4.231 -10.000 -10.695 -4.566 -10.000 -7.954 -5.351 -8.846 -10.000
3 16 -6.917 -8.846 -6.545 -5.883 -8.846 -7.855 -6.146 -10.000 -5.682
3 16 -4.566 -10.000 -7.954 -6.146 -10.000 -5.682 -5.883 -8.846 -7.855
3 16 -8.887 -8.846 -5.519 -7.359 -8.846 -6.202 -8.609 -10.000 -4.398
3 16 -6.146 -10.000 -5.682 -8.609 -10.000 -4.398 -7.359 -8.846 -6.202
3 16 -10.000 -10.000 -4.231 -9.440 -8.846 -5.418 -8.609 -10.000 -4.398
3 16 -10.000 -8.846 -5.385 -9.440 -8.846 -5.418 -10.000 -10.000 -4.231
3 16 -11.113 -8.846 -5.519 -10.000 -8.846 -5.385 -11.391 -10.000 -4.398
3 16 -10.000 -10.000 -4.231 -11.391 -10.000 -4.398 -10.000 -8.846 -5.385
3 16 -13.083 -8.846 -6.545 -11.649 -8.846 -5.685 -13.854 -10.000 -5.682
3 16 -11.391 -10.000 -4.398 -13.854 -10.000 -5.682 -11.649 -8.846 -5.685
3 16 -14.347 -8.846 -8.363 -13.480 -8.846 -6.939 -15.434 -10.000 -7.954
3 16 -13.854 -10.000 -5.682 -15.434 -10.000 -7.954 -13.480 -8.846 -6.939
3 16 -14.615 -8.846 -10.556 -14.514 -8.846 -8.895 -15.769 -10.000 -10.695
3 16 -15.434 -10.000 -7.954 -15.769 -10.000 -10.695 -14.514 -8.846 -8.895
3 16 -13.826 -8.846 -12.622 -14.514 -8.846 -11.105 -14.783 -10.000 -13.277
3 16 -15.769 -10.000 -10.695 -14.783 -10.000 -13.277 -14.514 -8.846 -11.105
3 16 -12.161 -8.846 -14.087 -13.480 -8.846 -13.061 -12.701 -10.000 -15.108
3 16 -14.783 -10.000 -13.277 -12.701 -10.000 -15.108 -13.480 -8.846 -13.061
3 16 -10.000 -8.846 -14.615 -11.649 -8.846 -14.315 -10.000 -10.000 -15.769
3 16 -12.701 -10.000 -15.108 -10.000 -10.000 -15.769 -11.649 -8.846 -14.315
3 16 -12.161 -8.846 -14.087 -12.701 -10.000 -15.108 -11.649 -8.846 -14.315
3 16 -13.826 -8.846 -12.622 -14.783 -10.000 -13.277 -13.480 -8.846 -13.061
3 16 -14.615 -8.846 -10.556 -15.769 -10.000 -10.695 -14.514 -8.846 -11.105
3 16 -14.347 -8.846 -8.363 -15.434 -10.000 -7.954 -14.514 -8.846 -8.895
3 16 -13.083 -8.846 -6.545 -13.854 -10.000 -5.682 -13.480 -8.846 -6.939
3 16 -11.113 -8.846 -5.519 -11.391 -10.000 -4.398 -11.649 -8.846 -5.685
3 16 -8.887 -8.846 -5.519 -8.609 -10.000 -4.398 -9.440 -8.846 -5.418
3 16 -6.917 -8.846 -6.545 -6.146 -10.000 -5.682 -7.359 -8.846 -6.202
3 16 -5.653 -8.846 -8.363 -4.566 -10.000 -7.954 -5.883 -8.846 -7.855
3 16 -5.385 -8.846 -10.556 -4.231 -10.000 -10.695 -5.351 -8.846 -10.000
3 16 -6.174 -8.846 -12.622 -5.217 -10.000 -13.277 -5.883 -8.846 -12.145
3 16 -7.839 -8.846 -14.087 -7.299 -10.000 -15.108 -7.359 -8.846 -13.798
3 16 -10.000 -8.846 -14.615 -10.000 -10.000 -15.769 -9.440 -8.846 -14.582
3 16 -5.351 -8.846 -10.000 -5.653 -8.846 -8.363 -5.351 -8.462 -10.000
3 16 -5.883 -8.462 -7.855 -5.351 -8.462 -10.000 -5.653 -8.846 -8.363
3 16 -5.883 -8.846 -7.855 -6.917 -8.846 -6.545 -5.883 -8.462 -7.855
3 16 -7.359 -8.462 -6.202 -5.883 -8.462 -7.855 -6.917 -8.846 -6.545
3 16 -7.359 -8.846 -6.202 -8.887 -8.846 -5.519 -7.359 -8.462 -6.202
3 16 -9.440 -8.462 -5.418 -7.359 -8.462 -6.202 -8.887 -8.846 -5.519
3 16 -10.000 -8.846 -5.385 -11.113 -8.846 -5.519 -9.440 -8.462 -5.418
3 16 -11.649 -8.462 -5.685 -9.440 -8.462 -5.418 -11.113 -8.846 -5.519
3 16 -9.440 -8.846 -5.418 -10.000 -8.846 -5.385 -9.440 -8.462 -5.418
3 16 -11.649 -8.846 -5.685 -13.083 -8.846 -6.545 -11.649 -8.462 -5.685
3 16 -13.480 -8.462 -6.939 -11.649 -8.462 -5.685 -13.083 -8.846 -6.545
3 16 -13.480 -8.846 -6.939 -14.347 -8.846 -8.363 -13.480 -8.462 -6.939
3 16 -14.514 -8.462 -8.895 -13.480 -8.462 -6.939 -14.347 -8.846 -8.363
3 16 -14.514 -8.846 -8.895 -14.615 -8.846 -10.556 -14.514 -8.462 -8.895
3 16 -14.514 -8.462 -11.105 -14.514 -8.462 -8.895 -14.615 -8.846 -10.556
3 16 -14.514 -8.846 -11.105 -13.826 -8.846 -12.622 -14.514 -8.462 -11.105
3 16 -13.480 -8.462 -13.061 -14.514 -8.462 -11.105 -13.826 -8.846 -12.622
3 16 -13.480 -8.846 -13.061 -12.161 -8.846 -14.087 -13.480 -8.462 -13.061
3 16 -11.649 -8.462 -14.315 -13.480 -8.462 -13.061 -12.161 -8.846 -14.087
3 16 -11.649 -8.846 -14.315 -10.000 -8.846 -14.615 -11.649 -8.462 -14.315
3 16 -9.440 -8.462 -14.582 -11.649 -8.462 -14.315 -10.000 -8.846 -14.615
3 16 -9.440 -8.846 -14.582 -7.839 -8.846 -14.087 -9.440 -8.462 -14.582
3 16 -7.359 -8.462 -13.798 -9.440 -8.462 -14.582 -7.839 -8.846 -14.087
3 16 -7.359 -8.846 -13.798 -6.174 -8.846 -12.622 -7.359 -8.462 -13.798
3 16 -5.883 -8.462 -12.145 -7.359 -8.462 -13.798 -6.174 -8.846 -12.622
3 16 -5.883 -8.846 -12.145 -5.385 -8.846 -10.556 -5.883 -8.462 -12.145
3 16 -5.351 -8.462 -10.000 -5.883 -8.462 -12.145 -5.385 -8.846 -10.556
3 16 -5.351 -8.846 -10.000 -5.351 -8.462 -10.000 -5.385 -8.846 -10.556
3 16 -5.883 -8.846 -12.145 -5.883 -8.462 -12.145 -6.174 -8.846 -12.622
3 16 -7.359 -8.846 -13.798 -7.359 -8.462 -13.798 -7.839 -8.846 -14.087
3 16 -9.440 -8.846 -14.582 -9.440 -8.462 -14.582 -10.000 -8.846 -14.615
3 16 -11.649 -8.846 -14.315 -11.649 -8.462 -14.315 -12.161 -8.846 -14.087
3 16 -13.480 -8.846 -13.061 -13.480 -8.462 -13.061 -13.826 -8.846 -12.622
3 16 -14.514 -8.846 -11.105 -14.514 -8.462 -11.105 -14.615 -8.846 -10.556
3 16 -14.514 -8.846 -8.895 -14.514 -8.462 -8.895 -14.347 -8.846 -8.363
3 16 -13.480 -8.846 -6.939 -13.480 -8.462 -6.939 -13.083 -8.846 -6.545
3 16 -11.649 -8.846 -5.685 -11.649 -8.462 -5.685 -11.113 -8.846 -5.519
3 16 -9.440 -8.846 -5.418 -9.440 -8.462 -5.418 -8.887 -8.846 -5.519
3 16 -7.359 -8.846 -6.202 -7.359 -8.462 -6.202 -6.917 -8.846 -6.545
3 16 -5.883 -8.846 -7.855 -5.883 -8.462 -7.855 -5.653 -8.846 -8.363
3 16 -4.082 -5.000 -10.000 -4.254 -5.000 -11.406 -5.351 -8.462 -10.000
3 16 -5.883 -8.462 -12.145 -5.351 -8.462 -10.000 -4.254 -5.000 -11.406
3 16 -4.759 -5.000 -12.730 -5.570 -5.000 -13.896 -5.883 -8.462 -12.145
3 16 -7.359 -8.462 -13.798 -5.883 -8.462 -12.145 -5.570 -5.000 -13.896
3 16 -6.638 -5.000 -14.835 -7.901 -5.000 -15.493 -7.359 -8.462 -13.798
3 16 -9.440 -8.462 -14.582 -7.359 -8.462 -13.798 -7.901 -5.000 -15.493
3 16 -9.287 -5.000 -15.832 -10.713 -5.000 -15.832 -9.440 -8.462 -14.582
3 16 -11.649 -8.462 -14.315 -9.440 -8.462 -14.582 -10.713 -5.000 -15.832
3 16 -12.099 -5.000 -15.493 -13.362 -5.000 -14.835 -11.649 -8.462 -14.315
3 16 -13.480 -8.462 -13.061 -11.649 -8.462 -14.315 -13.362 -5.000 -14.835
3 16 -14.430 -5.000 -13.896 -15.241 -5.000 -12.730 -13.480 -8.462 -13.061
3 16 -14.514 -8.462 -11.105 -13.480 -8.462 -13.061 -15.241 -5.000 -12.730
3 16 -15.746 -5.000 -11.406 -15.918 -5.000 -10.000 -14.514 -8.462 -11.105
3 16 -14.514 -8.462 -8.895 -14.514 -8.462 -11.105 -15.918 -5.000 -10.000
3 16 -15.746 -5.000 -8.594 -15.241 -5.000 -7.270 -14.514 -8.462 -8.895
3 16 -13.480 -8.462 -6.939 -14.514 -8.462 -8.895 -15.241 -5.000 -7.270
3 16 -14.430 -5.000 -6.104 -13.362 -5.000 -5.165 -13.480 -8.462 -6.939
3 16 -11.649 -8.462 -5.685 -13.480 -8.462 -6.939 -13.362 -5.000 -5.165
3 16 -12.099 -5.000 -4.507 -10.713 -5.000 -4.168 -11.649 -8.462 -5.685
3 16 -9.440 -8.462 -5.418 -11.649 -8.462 -5.685 -10.713 -5.000 -4.168
3 16 -9.287 -5.000 -4.168 -7.901 -5.000 -4.507 -9.440 -8.462 -5.418
3 16 -7.359 -8.462 -6.202 -9.440 -8.462 -5.418 -7.901 -5.000 -4.507
3 16 -6.638 -5.000 -5.165 -5.570 -5.000 -6.104 -7.359 -8.462 -6.202
3 16 -5.883 -8.462 -7.855 -7.359 -8.462 -6.202 -5.570 -5.000 -6.104
3 16 -4.759 -5.000 -7.270 -4.254 -5.000 -8.594 -5.883 -8.462 -7.855
3 16 -5.351 -8.462 -10.000 -5.883 -8.462 -7.855 -4.254 -5.000 -8.594
3 16 -4.082 -5.000 -10.000 -5.351 -8.462 -10.000 -4.254 -5.000 -8.594
3 16 -4.759 -5.000 -7.270 -5.883 -8.462 -7.855 -5.570 -5.000 -6.104
3 16 -6.638 -5.000 -5.165 -7.359 -8.462 -6.202 -7.901 -5.000 -4.507
3 16 -9.287 -5.000 -4.168 -9.440 -8.462 -5.418 -10.713 -5.000 -4.168
3 16 -12.099 -5.000 -4.507 -11.649 -8.462 -5.685 -13.362 -5.000 -5.165
3 16 -14.430 -5.000 -6.104 -13.480 -8.462 -6.939 -15.241 -5.000 -7.270
3 16 -15.746 -5.000 -8.594 -14.514 -8.462 -8.895 -15.918 -5.000 -10.000
3 16 -15.746 -5.000 -11.406 -14.514 -8.462 -11.105 -15.241 -5.000 -12.730
3 16 -14.430 -5.000 -13.896 -13.480 -8.462 -13.061 -13.362 -5.000 -14.835
3 16 -12.099 -5.000 -15.493 -11.649 -8.462 -14.315 -10.713 -5.000 -15.832
3 16 -9.287 -5.000 -15.832 -9.440 -8.462 -14.582 -7.901 -5.000 -15.493
3 16 -6.638 -5.000 -14.835 -7.359 -8.462 -13.798 -5.570 -5.000 -13.896
3 16 -4.759 -5.000 -12.730 -5.883 -8.462 -12.145 -4.254 -5.000 -11.406
3 16 -15.918 -5.000 -10.000 -15.746 -5.000 -11.406 -14.649 -1.538 -10.000
3 16 -14.117 -1.538 -12.145 -14.649 -1.538 -10.000 -15.746 -5.000 -11.406
3 16 -15.241 -5.000 -12.730 -14.430 -5.000 -13.896 -14.117 -1.538 -12.145
3 16 -12.641 -1.538 -13.798 -14.117 -1.538 -12.145 -14.430 -5.000 -13.896
3 16 -13.362 -5.000 -14.835 -12.099 -5.000 -15.493 -12.641 -1.538 -13.798
3 16 -10.560 -1.538 -14.582 -12.641 -1.538 -13.798 -12.099 -5.000 -15.493
3 16 -10.713 -5.000 -15.832 -9.287 -5.000 -15.832 -10.560 -1.538 -14.582
3 16 -8.351 -1.538 -14.315 -10.560 -1.538 -14.582 -9.287 -5.000 -15.832
3 16 -7.901 -5.000 -15.493 -6.638 -5.000 -14.835 -8.351 -1.538 -14.315
3 16 -6.520 -1.538 -13.061 -8.351 -1.538 -14.315 -6.638 -5.000 -14.835
3 16 -5.570 -5.000 -13.896 -4.759 -5.000 -12.730 -6.520 -1.538 -13.061
3 16 -5.486 -1.538 -11.105 -6.520 -1.538 -13.061 -4.759 -5.000 -12.730
3 16 -5.351 -1.538 -10.000 -5.486 -1.538 -11.105 -4.082 -5.000 -10.000
3 16 -4.254 -5.000 -8.594 -5.486 -1.538 -8.895 -4.082 -5.000 -10.000
3 16 -5.351 -1.538 -10.000 -4.082 -5.000 -10.000 -5.486 -1.538 -8.895
3 16 -4.254 -5.000 -8.594 -4.759 -5.000 -7.270 -5.486 -1.538 -8.895
3 16 -6.520 -1.538 -6.939 -5.486 -1.538 -8.895 -4.759 -5.000 -7.270
3 16 -5.570 -5.000 -6.104 -6.638 -5.000 -5.165 -6.520 -1.538 -6.939
3 16 -8.351 -1.538 -5.685 -6.520 -1.538 -6.939 -6.638 -5.000 -5.165
3 16 -7.901 -5.000 -4.507 -9.287 -5.000 -4.168 -8.351 -1.538 -5.685
3 16 -10.560 -1.538 -5.418 -8.351 -1.538 -5.685 -9.287 -5.000 -4.168
3 16 -10.713 -5.000 -4.168 -12.099 -5.000 -4.507 -10.560 -1.538 -5.418
3 16 -12.641 -1.538 -6.202 -10.560 -1.538 -5.418 -12.099 -5.000 -4.507
3 16 -13.362 -5.000 -5.165 -14.430 -5.000 -6.104 -12.641 -1.538 -6.202
3 16 -14.117 -1.538 -7.855 -12.641 -1.538 -6.202 -14.430 -5.000 -6.104
3 16 -15.241 -5.000 -7.270 -15.746 -5.000 -8.594 -14.117 -1.538 -7.855
3 16 -14.649 -1.538 -10.000 -14.117 -1.538 -7.855 -15.746 -5.000 -8.594
3 16 -15.918 -5.000 -10.000 -14.649 -1.538 -10.000 -15.746 -5.000 -8.594
3 16 -15.241 -5.000 -7.270 -14.117 -1.538 -7.855 -14.430 -5.000 -6.104
3 16 -13.362 -5.000 -5.165 -12.641 -1.538 -6.202 -12.099 -5.000 -4.507
3 16 -10.713 -5.000 -4.168 -10.560 -1.538 -5.418 -9.287 -5.000 -4.168
3 16 -7.901 -5.000 -4.507 -8.351 -1.538 -5.685 -6.638 -5.000 -5.165
3 16 -5.570 -5.000 -6.104 -6.520 -1.538 -6.939 -4.759 -5.000 -7.270
3 16 -4.254 -5.000 -11.406 -4.082 -5.000 -10.000 -5.486 -1.538 -11.105
3 16 -4.254 -5.000 -11.406 -5.486 -1.538 -11.105 -4.759 -5.000 -12.730
3 16 -5.570 -5.000 -13.896 -6.520 -1.538 -13.061 -6.638 -5.000 -14.835
3 16 -7.901 -5.000 -15.493 -8.351 -1.538 -14.315 -9.287 -5.000 -15.832
3 16 -10.713 -5.000 -15.832 -10.560 -1.538 -14.582 -12.099 -5.000 -15.493
3 16 -13.362 -5.000 -14.835 -12.641 -1.538 -13.798 -14.430 -5.000 -13.896
3 16 -15.241 -5.000 -12.730 -14.117 -1.538 -12.145 -15.746 -5.000 -11.406
3 16 -5.486 -1.538 -8.895 -6.520 -1.538 -6.939 -10.000 -1.538 -10.000
3 16 -8.351 -1.538 -5.685 -10.000 -1.538 -10.000 -6.520 -1.538 -6.939
3 16 -10.560 -1.538 -5.418 -10.000 -1.538 -10.000 -8.351 -1.538 -5.685
3 16 -12.641 -1.538 -6.202 -10.000 -1.538 -10.000 -10.560 -1.538 -5.418
3 16 -14.117 -1.538 -7.855 -10.000 -1.538 -10.000 -12.641 -1.538 -6.202
3 16 -14.649 -1.538 -10.000 -10.000 -1.538 -10.000 -14.117 -1.538 -7.855
3 16 -14.117 -1.538 -12.145 -10.000 -1.538 -10.000 -14.649 -1.538 -10.000
3 16 -12.641 -1.538 -13.798 -10.000 -1.538 -10.000 -14.117 -1.538 -12.145
3 16 -10.560 -1.538 -14.582 -10.000 -1.538 -10.000 -12.641 -1.538 -13.798
3 16 -8.351 -1.538 -14.315 -10.000 -1.538 -10.000 -10.560 -1.538 -14.582
3 16 -6.520 -1.538 -13.061 -10.000 -1.538 -10.000 -8.351 -1.538 -14.315
3 16 -5.486 -1.538 -11.105 -10.000 -1.538 -10.000 -6.520 -1.538 -13.061
3 16 -5.351 -1.538 -10.000 -10.000 -1.538 -10.000 -5.486 -1.538 -11.105
3 16 -5.486 -1.538 -8.895 -10.000 -1.538 -10.000 -5.351 -1.538 -10.000
2 24 -3.623 0.000 -5.630 -6.399 0.000 -3.189
2 24 -13.601 0.000 -3.189 -10.000 0.000 -2.308
2 24 -2.308 -10.000 -9.073 -3.623 -10.000 -5.630
2 24 -11.649 -8.846 -14.315 -12.161 -8.846 -14.087
2 24 -5.653 -8.846 -8.363 -5.883 -8.846 -7.855
2 24 -2.308 0.000 -9.073 -3.623 0.000 -5.630
2 24 -6.399 -10.000 -3.189 -10.000 -10.000 -2.308
2 24 -5.486 -1.538 -8.895 -6.520 -1.538 -6.939
2 24 -2.755 0.000 -12.728 -2.308 0.000 -9.073
2 24 -4.862 0.000 -15.758 -2.755 0.000 -12.728
2 24 -11.391 -10.000 -4.398 -10.000 -10.000 -4.231
2 24 -8.146 0.000 -17.469 -4.862 0.000 -15.758
2 24 -17.245 0.000 -12.728 -17.692 0.000 -9.073
2 24 -10.000 0.000 -17.692 -8.146 0.000 -17.469
2 24 -5.351 -1.538 -10.000 -5.486 -1.538 -8.895
2 24 -16.377 0.000 -5.630 -13.601 0.000 -3.189
2 24 -2.755 -10.000 -12.728 -2.308 -10.000 -9.073
2 24 -13.854 -10.000 -5.682 -11.391 -10.000 -4.398
2 24 -10.000 0.000 -17.692 -11.854 0.000 -17.469
2 24 -15.138 0.000 -15.758 -17.245 0.000 -12.728
2 24 -11.854 0.000 -17.469 -15.138 0.000 -15.758
2 24 -10.000 -8.846 -14.615 -9.440 -8.846 -14.582
2 24 -3.623 -10.000 -5.630 -6.399 -10.000 -3.189
2 24 -17.692 0.000 -9.073 -16.377 0.000 -5.630
2 24 -12.641 -1.538 -13.798 -14.117 -1.538 -12.145
2 24 -8.351 -1.538 -14.315 -6.520 -1.538 -13.061
2 24 -6.399 0.000 -3.189 -10.000 0.000 -2.308
2 24 -6.520 -1.538 -6.939 -8.351 -1.538 -5.685
2 24 -8.887 -8.846 -5.519 -9.440 -8.846 -5.418
2 24 -6.146 -10.000 -5.682 -8.609 -10.000 -4.398
2 24 -6.917 -8.846 -6.545 -7.359 -8.846 -6.202
2 24 -10.000 -2.308 -20.000 -12.411 -2.308 -19.709
2 24 -10.000 -10.000 -15.769 -12.701 -10.000 -15.108
2 24 -10.560 -1.538 -14.582 -8.351 -1.538 -14.315
2 24 -7.299 -10.000 -15.108 -5.217 -10.000 -13.277
2 24 -13.480 -8.846 -6.939 -13.083 -8.846 -6.545
2 24 -11.649 -8.846 -5.685 -11.113 -8.846 -5.519
2 24 -6.520 -1.538 -13.061 -5.486 -1.538 -11.105
2 24 -14.514 -8.846 -11.105 -14.615 -8.846 -10.556
2 24 -5.385 -8.846 -10.556 -5.351 -8.846 -10.000
2 24 -10.000 -2.308 -20.000 -7.589 -2.308 -19.709
2 24 -15.138 -10.000 -15.758 -17.245 -10.000 -12.728
2 24 -5.217 -10.000 -13.277 -4.231 -10.000 -10.695
2 24 -16.377 -10.000 -5.630 -13.601 -10.000 -3.189
2 24 -14.117 -1.538 -7.855 -12.641 -1.538 -6.202
2 24 -11.854 -10.000 -17.469 -8.146 -10.000 -17.469
2 24 -14.117 -1.538 -12.145 -14.649 -1.538 -10.000
2 24 -8.146 -10.000 -17.469 -4.862 -10.000 -15.758
2 24 -17.245 -10.000 -12.728 -17.692 -10.000 -9.073
2 24 -7.839 -8.846 -14.087 -7.359 -8.846 -13.798
2 24 -12.701 -10.000 -15.108 -14.783 -10.000 -13.277
2 24 -13.480 -8.846 -13.061 -13.826 -8.846 -12.622
2 24 -12.641 -1.538 -6.202 -10.560 -1.538 -5.418
2 24 -13.601 -10.000 -3.189 -10.000 -10.000 -2.308
2 24 -4.862 -10.000 -15.758 -2.755 -10.000 -12.728
2 24 -11.854 -10.000 -17.469 -15.138 -10.000 -15.758
2 24 -10.000 -10.000 -15.769 -7.299 -10.000 -15.108
2 24 -15.769 -10.000 -10.695 -15.434 -10.000 -7.954
2 24 -6.174 -8.846 -12.622 -5.883 -8.846 -12.145
2 24 -17.692 -10.000 -9.073 -16.377 -10.000 -5.630
2 24 -8.351 -1.538 -5.685 -10.560 -1.538 -5.418
2 24 -4.566 -10.000 -7.954 -6.146 -10.000 -5.682
2 24 -10.560 -1.538 -14.582 -12.641 -1.538 -13.798
2 24 -8.609 -10.000 -4.398 -10.000 -10.000 -4.231
2 24 -10.000 -8.846 -5.385 -9.440 -8.846 -5.418
2 24 -15.434 -10.000 -7.954 -13.854 -10.000 -5.682
2 24 -4.231 -10.000 -10.695 -4.566 -10.000 -7.954
2 24 -14.783 -10.000 -13.277 -15.769 -10.000 -10.695
2 24 -5.486 -1.538 -11.105 -5.351 -1.538 -10.000
2 24 -14.514 -8.846 -8.895 -14.347 -8.846 -8.363
2 24 -14.649 -1.538 -10.000 -14.117 -1.538 -7.855
