0 FILE mC3915FAB_2024718_030436.dat
0 bem-sm-5
0 Name:  mC3915FAB_2024718_030436.dat
0 Author:  
0 BFC CERTIFY CCW
3 16 34.956 -1.538 11.105 33.924 -1.538 13.061 30.452 -1.538 10.000
3 16 32.097 -1.538 14.315 30.452 -1.538 10.000 33.924 -1.538 13.061
3 16 29.893 -1.538 14.582 30.452 -1.538 10.000 32.097 -1.538 14.315
3 16 27.817 -1.538 13.798 30.452 -1.538 10.000 29.893 -1.538 14.582
3 16 26.345 -1.538 12.145 30.452 -1.538 10.000 27.817 -1.538 13.798
3 16 25.814 -1.538 10.000 30.452 -1.538 10.000 26.345 -1.538 12.145
3 16 26.345 -1.538 7.855 30.452 -1.538 10.000 25.814 -1.538 10.000
3 16 27.817 -1.538 6.202 30.452 -1.538 10.000 26.345 -1.538 7.855
3 16 29.893 -1.538 5.418 30.452 -1.538 10.000 27.817 -1.538 6.202
3 16 32.097 -1.538 5.685 30.452 -1.538 10.000 29.893 -1.538 5.418
3 16 33.924 -1.538 6.939 30.452 -1.538 10.000 32.097 -1.538 5.685
3 16 34.956 -1.538 8.895 30.452 -1.538 10.000 33.924 -1.538 6.939
3 16 35.091 -1.538 10.000 30.452 -1.538 10.000 34.956 -1.538 8.895
3 16 34.956 -1.538 11.105 30.452 -1.538 10.000 35.091 -1.538 10.000
3 16 24.547 -5.000 10.000 24.719 -5.000 8.594 25.814 -1.538 10.000
3 16 26.345 -1.538 7.855 25.814 -1.538 10.000 24.719 -5.000 8.594
3 16 25.224 -5.000 7.270 26.032 -5.000 6.104 26.345 -1.538 7.855
3 16 27.817 -1.538 6.202 26.345 -1.538 7.855 26.032 -5.000 6.104
3 16 27.817 -1.538 6.202 28.358 -5.000 4.507 29.893 -1.538 5.418
3 16 27.098 -5.000 5.165 28.358 -5.000 4.507 27.817 -1.538 6.202
3 16 29.741 -5.000 4.168 31.164 -5.000 4.168 29.893 -1.538 5.418
3 16 32.097 -1.538 5.685 29.893 -1.538 5.418 31.164 -5.000 4.168
3 16 32.546 -5.000 4.507 33.807 -5.000 5.165 32.097 -1.538 5.685
3 16 33.924 -1.538 6.939 32.097 -1.538 5.685 33.807 -5.000 5.165
3 16 33.924 -1.538 6.939 35.681 -5.000 7.270 34.956 -1.538 8.895
3 16 34.872 -5.000 6.104 35.681 -5.000 7.270 33.924 -1.538 6.939
3 16 35.091 -1.538 10.000 34.956 -1.538 8.895 36.357 -5.000 10.000
3 16 36.186 -5.000 11.406 34.956 -1.538 11.105 36.357 -5.000 10.000
3 16 35.091 -1.538 10.000 36.357 -5.000 10.000 34.956 -1.538 11.105
3 16 36.186 -5.000 11.406 35.681 -5.000 12.730 34.956 -1.538 11.105
3 16 33.924 -1.538 13.061 34.956 -1.538 11.105 35.681 -5.000 12.730
3 16 34.872 -5.000 13.896 33.807 -5.000 14.835 33.924 -1.538 13.061
3 16 32.097 -1.538 14.315 33.924 -1.538 13.061 33.807 -5.000 14.835
3 16 32.546 -5.000 15.493 31.164 -5.000 15.832 32.097 -1.538 14.315
3 16 29.893 -1.538 14.582 32.097 -1.538 14.315 31.164 -5.000 15.832
3 16 29.741 -5.000 15.832 28.358 -5.000 15.493 29.893 -1.538 14.582
3 16 27.817 -1.538 13.798 29.893 -1.538 14.582 28.358 -5.000 15.493
3 16 27.817 -1.538 13.798 26.032 -5.000 13.896 26.345 -1.538 12.145
3 16 27.098 -5.000 14.835 26.032 -5.000 13.896 27.817 -1.538 13.798
3 16 25.224 -5.000 12.730 24.719 -5.000 11.406 26.345 -1.538 12.145
3 16 25.814 -1.538 10.000 26.345 -1.538 12.145 24.719 -5.000 11.406
3 16 24.547 -5.000 10.000 25.814 -1.538 10.000 24.719 -5.000 11.406
3 16 25.224 -5.000 12.730 26.345 -1.538 12.145 26.032 -5.000 13.896
3 16 27.098 -5.000 14.835 27.817 -1.538 13.798 28.358 -5.000 15.493
3 16 29.741 -5.000 15.832 29.893 -1.538 14.582 31.164 -5.000 15.832
3 16 32.546 -5.000 15.493 32.097 -1.538 14.315 33.807 -5.000 14.835
3 16 34.872 -5.000 13.896 33.924 -1.538 13.061 35.681 -5.000 12.730
3 16 36.186 -5.000 8.594 36.357 -5.000 10.000 34.956 -1.538 8.895
3 16 36.186 -5.000 8.594 34.956 -1.538 8.895 35.681 -5.000 7.270
3 16 34.872 -5.000 6.104 33.924 -1.538 6.939 33.807 -5.000 5.165
3 16 32.546 -5.000 4.507 32.097 -1.538 5.685 31.164 -5.000 4.168
3 16 29.741 -5.000 4.168 29.893 -1.538 5.418 28.358 -5.000 4.507
3 16 27.098 -5.000 5.165 27.817 -1.538 6.202 26.032 -5.000 6.104
3 16 25.224 -5.000 7.270 26.345 -1.538 7.855 24.719 -5.000 8.594
3 16 36.357 -5.000 10.000 36.186 -5.000 8.594 35.091 -8.462 10.000
3 16 34.560 -8.462 7.855 35.091 -8.462 10.000 36.186 -5.000 8.594
3 16 35.681 -5.000 7.270 34.872 -5.000 6.104 34.560 -8.462 7.855
3 16 33.087 -8.462 6.202 34.560 -8.462 7.855 34.872 -5.000 6.104
3 16 33.087 -8.462 6.202 32.546 -5.000 4.507 31.011 -8.462 5.418
3 16 33.807 -5.000 5.165 32.546 -5.000 4.507 33.087 -8.462 6.202
3 16 31.164 -5.000 4.168 29.741 -5.000 4.168 31.011 -8.462 5.418
3 16 28.807 -8.462 5.685 31.011 -8.462 5.418 29.741 -5.000 4.168
3 16 28.807 -8.462 5.685 27.098 -5.000 5.165 26.980 -8.462 6.939
3 16 28.358 -5.000 4.507 27.098 -5.000 5.165 28.807 -8.462 5.685
3 16 26.032 -5.000 6.104 25.224 -5.000 7.270 26.980 -8.462 6.939
3 16 25.948 -8.462 8.895 26.980 -8.462 6.939 25.224 -5.000 7.270
3 16 24.719 -5.000 8.594 24.547 -5.000 10.000 25.948 -8.462 8.895
3 16 25.948 -8.462 11.105 25.948 -8.462 8.895 24.547 -5.000 10.000
3 16 24.719 -5.000 11.406 25.224 -5.000 12.730 25.948 -8.462 11.105
3 16 26.980 -8.462 13.061 25.948 -8.462 11.105 25.224 -5.000 12.730
3 16 26.032 -5.000 13.896 27.098 -5.000 14.835 26.980 -8.462 13.061
3 16 28.807 -8.462 14.315 26.980 -8.462 13.061 27.098 -5.000 14.835
3 16 28.358 -5.000 15.493 29.741 -5.000 15.832 28.807 -8.462 14.315
3 16 31.011 -8.462 14.582 28.807 -8.462 14.315 29.741 -5.000 15.832
3 16 31.164 -5.000 15.832 32.546 -5.000 15.493 31.011 -8.462 14.582
3 16 33.087 -8.462 13.798 31.011 -8.462 14.582 32.546 -5.000 15.493
3 16 33.087 -8.462 13.798 34.872 -5.000 13.896 34.560 -8.462 12.145
3 16 33.807 -5.000 14.835 34.872 -5.000 13.896 33.087 -8.462 13.798
3 16 35.681 -5.000 12.730 36.186 -5.000 11.406 34.560 -8.462 12.145
3 16 35.091 -8.462 10.000 34.560 -8.462 12.145 36.186 -5.000 11.406
3 16 36.357 -5.000 10.000 35.091 -8.462 10.000 36.186 -5.000 11.406
3 16 35.681 -5.000 12.730 34.560 -8.462 12.145 34.872 -5.000 13.896
3 16 33.807 -5.000 14.835 33.087 -8.462 13.798 32.546 -5.000 15.493
3 16 31.164 -5.000 15.832 31.011 -8.462 14.582 29.741 -5.000 15.832
3 16 28.358 -5.000 15.493 28.807 -8.462 14.315 27.098 -5.000 14.835
3 16 26.032 -5.000 13.896 26.980 -8.462 13.061 25.224 -5.000 12.730
3 16 24.719 -5.000 11.406 25.948 -8.462 11.105 24.547 -5.000 10.000
3 16 24.719 -5.000 8.594 25.948 -8.462 8.895 25.224 -5.000 7.270
3 16 26.032 -5.000 6.104 26.980 -8.462 6.939 27.098 -5.000 5.165
3 16 28.358 -5.000 4.507 28.807 -8.462 5.685 29.741 -5.000 4.168
3 16 31.164 -5.000 4.168 31.011 -8.462 5.418 32.546 -5.000 4.507
3 16 33.807 -5.000 5.165 33.087 -8.462 6.202 34.872 -5.000 6.104
3 16 35.681 -5.000 7.270 34.560 -8.462 7.855 36.186 -5.000 8.594
3 16 35.091 -8.846 10.000 34.790 -8.846 11.637 35.091 -8.462 10.000
3 16 34.560 -8.462 12.145 35.091 -8.462 10.000 34.790 -8.846 11.637
3 16 34.560 -8.846 12.145 33.528 -8.846 13.455 34.560 -8.462 12.145
3 16 33.087 -8.462 13.798 34.560 -8.462 12.145 33.528 -8.846 13.455
3 16 33.087 -8.846 13.798 31.562 -8.846 14.481 33.087 -8.462 13.798
3 16 31.011 -8.462 14.582 33.087 -8.462 13.798 31.562 -8.846 14.481
3 16 30.452 -8.846 14.615 29.342 -8.846 14.481 31.011 -8.462 14.582
3 16 28.807 -8.462 14.315 31.011 -8.462 14.582 29.342 -8.846 14.481
3 16 31.011 -8.846 14.582 30.452 -8.846 14.615 31.011 -8.462 14.582
3 16 28.807 -8.846 14.315 27.376 -8.846 13.455 28.807 -8.462 14.315
3 16 26.980 -8.462 13.061 28.807 -8.462 14.315 27.376 -8.846 13.455
3 16 26.980 -8.846 13.061 26.115 -8.846 11.637 26.980 -8.462 13.061
3 16 25.948 -8.462 11.105 26.980 -8.462 13.061 26.115 -8.846 11.637
3 16 25.948 -8.846 11.105 25.848 -8.846 9.444 25.948 -8.462 11.105
3 16 25.948 -8.462 8.895 25.948 -8.462 11.105 25.848 -8.846 9.444
3 16 25.948 -8.846 8.895 26.635 -8.846 7.378 25.948 -8.462 8.895
3 16 26.980 -8.462 6.939 25.948 -8.462 8.895 26.635 -8.846 7.378
3 16 26.980 -8.846 6.939 28.297 -8.846 5.913 26.980 -8.462 6.939
3 16 28.807 -8.462 5.685 26.980 -8.462 6.939 28.297 -8.846 5.913
3 16 28.807 -8.846 5.685 30.452 -8.846 5.385 28.807 -8.462 5.685
3 16 31.011 -8.462 5.418 28.807 -8.462 5.685 30.452 -8.846 5.385
3 16 31.011 -8.846 5.418 32.608 -8.846 5.913 31.011 -8.462 5.418
3 16 33.087 -8.462 6.202 31.011 -8.462 5.418 32.608 -8.846 5.913
3 16 33.087 -8.846 6.202 34.270 -8.846 7.378 33.087 -8.462 6.202
3 16 34.560 -8.462 7.855 33.087 -8.462 6.202 34.270 -8.846 7.378
3 16 34.560 -8.846 7.855 35.057 -8.846 9.444 34.560 -8.462 7.855
3 16 35.091 -8.462 10.000 34.560 -8.462 7.855 35.057 -8.846 9.444
3 16 35.091 -8.846 10.000 35.091 -8.462 10.000 35.057 -8.846 9.444
3 16 34.560 -8.846 7.855 34.560 -8.462 7.855 34.270 -8.846 7.378
3 16 33.087 -8.846 6.202 33.087 -8.462 6.202 32.608 -8.846 5.913
3 16 31.011 -8.846 5.418 31.011 -8.462 5.418 30.452 -8.846 5.385
3 16 28.807 -8.846 5.685 28.807 -8.462 5.685 28.297 -8.846 5.913
3 16 26.980 -8.846 6.939 26.980 -8.462 6.939 26.635 -8.846 7.378
3 16 25.948 -8.846 8.895 25.948 -8.462 8.895 25.848 -8.846 9.444
3 16 25.948 -8.846 11.105 25.948 -8.462 11.105 26.115 -8.846 11.637
3 16 26.980 -8.846 13.061 26.980 -8.462 13.061 27.376 -8.846 13.455
3 16 28.807 -8.846 14.315 28.807 -8.462 14.315 29.342 -8.846 14.481
3 16 31.011 -8.846 14.582 31.011 -8.462 14.582 31.562 -8.846 14.481
3 16 33.087 -8.846 13.798 33.087 -8.462 13.798 33.528 -8.846 13.455
3 16 34.560 -8.846 12.145 34.560 -8.462 12.145 34.790 -8.846 11.637
3 16 32.608 -8.846 5.913 31.011 -8.846 5.418 33.147 -10.000 4.892
3 16 30.452 -10.000 4.231 33.147 -10.000 4.892 31.011 -8.846 5.418
3 16 34.270 -8.846 7.378 33.087 -8.846 6.202 35.224 -10.000 6.723
3 16 33.147 -10.000 4.892 35.224 -10.000 6.723 33.087 -8.846 6.202
3 16 35.057 -8.846 9.444 34.560 -8.846 7.855 36.208 -10.000 9.305
3 16 35.224 -10.000 6.723 36.208 -10.000 9.305 34.560 -8.846 7.855
3 16 34.790 -8.846 11.637 35.091 -8.846 10.000 35.874 -10.000 12.046
3 16 36.208 -10.000 9.305 35.874 -10.000 12.046 35.091 -8.846 10.000
3 16 33.528 -8.846 13.455 34.560 -8.846 12.145 34.297 -10.000 14.318
3 16 35.874 -10.000 12.046 34.297 -10.000 14.318 34.560 -8.846 12.145
3 16 31.562 -8.846 14.481 33.087 -8.846 13.798 31.840 -10.000 15.602
3 16 34.297 -10.000 14.318 31.840 -10.000 15.602 33.087 -8.846 13.798
3 16 30.452 -10.000 15.769 31.011 -8.846 14.582 31.840 -10.000 15.602
3 16 30.452 -8.846 14.615 31.011 -8.846 14.582 30.452 -10.000 15.769
3 16 29.065 -10.000 15.602 29.342 -8.846 14.481 30.452 -10.000 15.769
3 16 30.452 -8.846 14.615 30.452 -10.000 15.769 29.342 -8.846 14.481
3 16 27.376 -8.846 13.455 28.807 -8.846 14.315 26.607 -10.000 14.318
3 16 29.065 -10.000 15.602 26.607 -10.000 14.318 28.807 -8.846 14.315
3 16 26.115 -8.846 11.637 26.980 -8.846 13.061 25.031 -10.000 12.046
3 16 26.607 -10.000 14.318 25.031 -10.000 12.046 26.980 -8.846 13.061
3 16 25.848 -8.846 9.444 25.948 -8.846 11.105 24.696 -10.000 9.305
3 16 25.031 -10.000 12.046 24.696 -10.000 9.305 25.948 -8.846 11.105
3 16 26.635 -8.846 7.378 25.948 -8.846 8.895 25.680 -10.000 6.723
3 16 24.696 -10.000 9.305 25.680 -10.000 6.723 25.948 -8.846 8.895
3 16 28.297 -8.846 5.913 26.980 -8.846 6.939 27.758 -10.000 4.892
3 16 25.680 -10.000 6.723 27.758 -10.000 4.892 26.980 -8.846 6.939
3 16 30.452 -8.846 5.385 28.807 -8.846 5.685 30.452 -10.000 4.231
3 16 27.758 -10.000 4.892 30.452 -10.000 4.231 28.807 -8.846 5.685
3 16 28.297 -8.846 5.913 27.758 -10.000 4.892 28.807 -8.846 5.685
3 16 26.635 -8.846 7.378 25.680 -10.000 6.723 26.980 -8.846 6.939
3 16 25.848 -8.846 9.444 24.696 -10.000 9.305 25.948 -8.846 8.895
3 16 26.115 -8.846 11.637 25.031 -10.000 12.046 25.948 -8.846 11.105
3 16 27.376 -8.846 13.455 26.607 -10.000 14.318 26.980 -8.846 13.061
3 16 29.342 -8.846 14.481 29.065 -10.000 15.602 28.807 -8.846 14.315
3 16 31.562 -8.846 14.481 31.840 -10.000 15.602 31.011 -8.846 14.582
3 16 33.528 -8.846 13.455 34.297 -10.000 14.318 33.087 -8.846 13.798
3 16 34.790 -8.846 11.637 35.874 -10.000 12.046 34.560 -8.846 12.145
3 16 35.057 -8.846 9.444 36.208 -10.000 9.305 35.091 -8.846 10.000
3 16 34.270 -8.846 7.378 35.224 -10.000 6.723 34.560 -8.846 7.855
3 16 32.608 -8.846 5.913 33.147 -10.000 4.892 33.087 -8.846 6.202
3 16 30.452 -8.846 5.385 30.452 -10.000 4.231 31.011 -8.846 5.418
3 16 -19.800 -10.000 2.308 30.452 -10.000 2.308 -19.800 -10.000 3.269
3 16 30.452 -10.000 15.769 31.840 -10.000 15.602 30.452 -10.000 17.692
3 16 35.224 -10.000 6.723 33.147 -10.000 4.892 36.497 -10.000 5.204
3 16 36.208 -10.000 9.305 35.224 -10.000 6.723 37.990 -10.000 8.288
3 16 31.840 -10.000 15.602 34.297 -10.000 14.318 33.807 -10.000 16.931
3 16 29.065 -10.000 15.602 30.452 -10.000 15.769 30.452 -10.000 17.692
3 16 36.497 -10.000 5.204 37.990 -10.000 8.288 35.224 -10.000 6.723
3 16 35.874 -10.000 12.046 36.208 -10.000 9.305 37.990 -10.000 11.712
3 16 33.807 -10.000 16.931 30.452 -10.000 17.692 31.840 -10.000 15.602
3 16 15.773 -10.000 12.046 26.607 -10.000 14.318 30.452 -10.000 17.692
3 16 16.108 -10.000 9.305 24.696 -10.000 9.305 15.773 -10.000 12.046
3 16 24.696 -10.000 9.305 16.108 -10.000 9.305 25.680 -10.000 6.723
3 16 37.990 -10.000 8.288 37.990 -10.000 11.712 36.208 -10.000 9.305
3 16 34.297 -10.000 14.318 35.874 -10.000 12.046 36.497 -10.000 14.796
3 16 29.065 -10.000 15.602 30.452 -10.000 17.692 26.607 -10.000 14.318
3 16 25.031 -10.000 12.046 15.773 -10.000 12.046 24.696 -10.000 9.305
3 16 15.123 -10.000 6.723 25.680 -10.000 6.723 16.108 -10.000 9.305
3 16 37.990 -10.000 11.712 36.497 -10.000 14.796 35.874 -10.000 12.046
3 16 26.607 -10.000 14.318 15.773 -10.000 12.046 25.031 -10.000 12.046
3 16 27.758 -10.000 4.892 25.680 -10.000 6.723 13.046 -10.000 4.892
3 16 33.807 -10.000 3.069 30.452 -10.000 4.231 13.046 -10.000 4.892
3 16 -3.993 -10.000 9.305 4.596 -10.000 9.305 -4.328 -10.000 12.046
3 16 -5.904 -10.000 14.318 10.352 -10.000 15.769 30.452 -10.000 17.692
3 16 -4.328 -10.000 12.046 8.964 -10.000 15.602 -5.904 -10.000 14.318
3 16 4.596 -10.000 9.305 -3.993 -10.000 9.305 5.580 -10.000 6.723
3 16 33.807 -10.000 3.069 36.497 -10.000 5.204 33.147 -10.000 4.892
3 16 14.197 -10.000 14.318 15.773 -10.000 12.046 30.452 -10.000 17.692
3 16 27.758 -10.000 4.892 13.046 -10.000 4.892 30.452 -10.000 4.231
3 16 4.930 -10.000 12.046 -4.328 -10.000 12.046 4.596 -10.000 9.305
3 16 10.352 -10.000 15.769 -5.904 -10.000 14.318 8.964 -10.000 15.602
3 16 11.739 -10.000 15.602 30.452 -10.000 17.692 10.352 -10.000 15.769
3 16 -4.977 -10.000 6.723 5.580 -10.000 6.723 -3.993 -10.000 9.305
3 16 36.497 -10.000 14.796 33.807 -10.000 16.931 34.297 -10.000 14.318
3 16 13.046 -10.000 4.892 25.680 -10.000 6.723 15.123 -10.000 6.723
3 16 6.507 -10.000 14.318 -4.328 -10.000 12.046 4.930 -10.000 12.046
3 16 33.807 -10.000 3.069 10.352 -10.000 4.231 -9.749 -10.000 4.231
3 16 7.657 -10.000 4.892 5.580 -10.000 6.723 -7.055 -10.000 4.892
3 16 -19.800 -10.000 17.692 -9.749 -10.000 15.769 30.452 -10.000 17.692
3 16 -19.800 -10.000 3.269 -15.505 -10.000 9.305 -19.800 -10.000 17.692
3 16 10.352 -10.000 4.231 33.807 -10.000 3.069 13.046 -10.000 4.892
3 16 14.197 -10.000 14.318 30.452 -10.000 17.692 11.739 -10.000 15.602
3 16 -7.055 -10.000 4.892 -9.749 -10.000 4.231 10.352 -10.000 4.231
3 16 10.352 -10.000 4.231 7.657 -10.000 4.892 -7.055 -10.000 4.892
3 16 -11.137 -10.000 15.602 -9.749 -10.000 15.769 -19.800 -10.000 17.692
3 16 -14.521 -10.000 6.723 -15.505 -10.000 9.305 -19.800 -10.000 3.269
3 16 8.964 -10.000 15.602 -4.328 -10.000 12.046 6.507 -10.000 14.318
3 16 -7.055 -10.000 4.892 5.580 -10.000 6.723 -4.977 -10.000 6.723
3 16 -19.800 -10.000 3.269 33.807 -10.000 3.069 -9.749 -10.000 4.231
3 16 -8.362 -10.000 15.602 30.452 -10.000 17.692 -9.749 -10.000 15.769
3 16 -15.171 -10.000 12.046 -19.800 -10.000 17.692 -15.505 -10.000 9.305
3 16 -13.594 -10.000 14.318 -11.137 -10.000 15.602 -19.800 -10.000 17.692
3 16 -12.444 -10.000 4.892 -14.521 -10.000 6.723 -19.800 -10.000 3.269
3 16 -5.904 -10.000 14.318 30.452 -10.000 17.692 -8.362 -10.000 15.602
3 16 -9.749 -10.000 4.231 -12.444 -10.000 4.892 -19.800 -10.000 3.269
3 16 -13.594 -10.000 14.318 -19.800 -10.000 17.692 -15.171 -10.000 12.046
3 16 -31.238 -10.000 15.602 -29.850 -10.000 15.769 -49.951 -10.000 17.692
3 16 -53.305 -10.000 16.931 -51.338 -10.000 15.602 -49.951 -10.000 17.692
3 16 -19.800 -10.000 17.692 -49.951 -10.000 17.692 -29.850 -10.000 15.769
3 16 -49.951 -10.000 17.692 -48.563 -10.000 15.602 -35.272 -10.000 12.046
3 16 -49.951 -10.000 15.769 -49.951 -10.000 17.692 -51.338 -10.000 15.602
3 16 -33.695 -10.000 14.318 -31.238 -10.000 15.602 -49.951 -10.000 17.692
3 16 -48.563 -10.000 15.602 -49.951 -10.000 17.692 -49.951 -10.000 15.769
3 16 -55.995 -10.000 14.796 -53.796 -10.000 14.318 -53.305 -10.000 16.931
3 16 -57.488 -10.000 11.712 -55.372 -10.000 12.046 -55.995 -10.000 14.796
3 16 -57.488 -10.000 8.288 -55.707 -10.000 9.305 -57.488 -10.000 11.712
3 16 -55.995 -10.000 5.204 -54.723 -10.000 6.723 -57.488 -10.000 8.288
3 16 -53.305 -10.000 3.069 -52.645 -10.000 4.892 -55.995 -10.000 5.204
3 16 -24.094 -10.000 9.305 -25.078 -10.000 6.723 -19.800 -10.000 3.269
3 16 -24.429 -10.000 12.046 -24.094 -10.000 9.305 -19.800 -10.000 17.692
3 16 -28.462 -10.000 15.602 -19.800 -10.000 17.692 -29.850 -10.000 15.769
3 16 -51.338 -10.000 15.602 -53.305 -10.000 16.931 -53.796 -10.000 14.318
3 16 -55.372 -10.000 12.046 -57.488 -10.000 11.712 -55.707 -10.000 9.305
3 16 -54.723 -10.000 6.723 -55.995 -10.000 5.204 -52.645 -10.000 4.892
3 16 -19.800 -10.000 3.269 -19.800 -10.000 17.692 -24.094 -10.000 9.305
3 16 -26.005 -10.000 14.318 -19.800 -10.000 17.692 -28.462 -10.000 15.602
3 16 -35.606 -10.000 9.305 -35.272 -10.000 12.046 -48.563 -10.000 15.602
3 16 -55.707 -10.000 9.305 -57.488 -10.000 8.288 -54.723 -10.000 6.723
3 16 -24.429 -10.000 12.046 -19.800 -10.000 17.692 -26.005 -10.000 14.318
3 16 -53.796 -10.000 14.318 -55.995 -10.000 14.796 -55.372 -10.000 12.046
3 16 -19.800 -10.000 3.269 -29.850 -10.000 4.231 -47.256 -10.000 4.892
3 16 -29.850 -10.000 4.231 -32.545 -10.000 4.892 -45.179 -10.000 6.723
3 16 -33.695 -10.000 14.318 -49.951 -10.000 17.692 -35.272 -10.000 12.046
3 16 -48.563 -10.000 15.602 -46.106 -10.000 14.318 -35.606 -10.000 9.305
3 16 -44.195 -10.000 9.305 -45.179 -10.000 6.723 -32.545 -10.000 4.892
3 16 -46.106 -10.000 14.318 -44.529 -10.000 12.046 -32.545 -10.000 4.892
3 16 -49.951 -10.000 4.231 -52.645 -10.000 4.892 -53.305 -10.000 3.069
3 16 -32.545 -10.000 4.892 -34.622 -10.000 6.723 -46.106 -10.000 14.318
3 16 -47.256 -10.000 4.892 -49.951 -10.000 4.231 -19.800 -10.000 3.269
3 16 -44.195 -10.000 9.305 -32.545 -10.000 4.892 -44.529 -10.000 12.046
3 16 -34.622 -10.000 6.723 -35.606 -10.000 9.305 -46.106 -10.000 14.318
3 16 -45.179 -10.000 6.723 -47.256 -10.000 4.892 -29.850 -10.000 4.231
3 16 -53.305 -10.000 3.069 -19.800 -10.000 3.269 -49.951 -10.000 4.231
3 16 -27.155 -10.000 4.892 -19.800 -10.000 3.269 -25.078 -10.000 6.723
3 16 -53.305 -10.000 3.069 -49.951 -10.000 2.308 -19.800 -10.000 3.269
3 16 -19.800 -10.000 2.308 -19.800 -10.000 3.269 -49.951 -10.000 2.308
3 16 -29.850 -10.000 4.231 -19.800 -10.000 3.269 -27.155 -10.000 4.892
3 16 30.452 -10.000 4.231 33.807 -10.000 3.069 33.147 -10.000 4.892
3 16 33.807 -10.000 3.069 -19.800 -10.000 3.269 30.452 -10.000 2.308
3 16 -49.951 -10.000 2.308 -53.305 -10.000 3.069 -49.951 -7.692 0.000
3 16 -53.305 -10.000 3.069 -55.995 -10.000 5.204 -54.312 -7.692 0.990
3 16 -55.995 -10.000 5.204 -57.488 -10.000 8.288 -57.809 -7.692 3.765
3 16 -57.488 -10.000 8.288 -57.488 -10.000 11.712 -59.749 -7.692 7.775
3 16 -57.488 -10.000 11.712 -55.995 -10.000 14.796 -59.749 -7.692 12.225
3 16 -55.995 -10.000 14.796 -53.305 -10.000 16.931 -57.809 -7.692 16.235
3 16 -53.305 -10.000 16.931 -49.951 -10.000 17.692 -54.312 -7.692 19.010
3 16 -49.951 -7.692 20.000 -54.312 -7.692 19.010 -49.951 -10.000 17.692
3 16 -54.312 -7.692 19.010 -57.809 -7.692 16.235 -53.305 -10.000 16.931
3 16 -57.809 -7.692 16.235 -59.749 -7.692 12.225 -55.995 -10.000 14.796
3 16 -59.749 -7.692 12.225 -59.749 -7.692 7.775 -57.488 -10.000 11.712
3 16 -59.749 -7.692 7.775 -57.809 -7.692 3.765 -57.488 -10.000 8.288
3 16 -57.809 -7.692 3.765 -54.312 -7.692 0.990 -55.995 -10.000 5.204
3 16 -54.312 -7.692 0.990 -49.951 -7.692 0.000 -53.305 -10.000 3.069
3 16 -49.951 -7.692 20.000 -19.800 -10.000 17.692 30.452 -7.692 20.000
3 16 -49.951 -10.000 17.692 -19.800 -10.000 17.692 -49.951 -7.692 20.000
3 16 30.452 -10.000 17.692 30.452 -7.692 20.000 -19.800 -10.000 17.692
3 16 30.452 -10.000 2.308 -19.800 -10.000 2.308 30.452 -7.692 0.000
3 16 -49.951 -7.692 0.000 30.452 -7.692 0.000 -19.800 -10.000 2.308
3 16 -49.951 -10.000 2.308 -49.951 -7.692 0.000 -19.800 -10.000 2.308
3 16 -49.951 -7.692 0.000 -54.312 -7.692 0.990 -49.951 -2.308 0.000
3 16 -54.312 -7.692 0.990 -57.809 -7.692 3.765 -54.312 -2.308 0.990
3 16 -57.809 -7.692 3.765 -59.749 -7.692 7.775 -57.809 -2.308 3.765
3 16 -59.749 -7.692 7.775 -59.749 -7.692 12.225 -59.749 -2.308 7.775
3 16 -59.749 -7.692 12.225 -57.809 -7.692 16.235 -59.749 -2.308 12.225
3 16 -57.809 -7.692 16.235 -54.312 -7.692 19.010 -57.809 -2.308 16.235
3 16 -54.312 -7.692 19.010 -49.951 -7.692 20.000 -54.312 -2.308 19.010
3 16 -49.951 -2.308 20.000 -54.312 -2.308 19.010 -49.951 -7.692 20.000
3 16 -54.312 -2.308 19.010 -57.809 -2.308 16.235 -54.312 -7.692 19.010
3 16 -57.809 -2.308 16.235 -59.749 -2.308 12.225 -57.809 -7.692 16.235
3 16 -59.749 -2.308 12.225 -59.749 -2.308 7.775 -59.749 -7.692 12.225
3 16 -59.749 -2.308 7.775 -57.809 -2.308 3.765 -59.749 -7.692 7.775
3 16 -57.809 -2.308 3.765 -54.312 -2.308 0.990 -57.809 -7.692 3.765
3 16 -54.312 -2.308 0.990 -49.951 -2.308 0.000 -54.312 -7.692 0.990
3 16 30.452 -10.000 17.692 33.807 -10.000 16.931 30.452 -7.692 20.000
3 16 33.807 -10.000 16.931 36.497 -10.000 14.796 34.813 -7.692 19.010
3 16 36.497 -10.000 14.796 37.990 -10.000 11.712 38.310 -7.692 16.235
3 16 37.990 -10.000 11.712 37.990 -10.000 8.288 40.251 -7.692 12.225
3 16 37.990 -10.000 8.288 36.497 -10.000 5.204 40.251 -7.692 7.775
3 16 36.497 -10.000 5.204 33.807 -10.000 3.069 38.310 -7.692 3.765
3 16 33.807 -10.000 3.069 30.452 -10.000 2.308 34.813 -7.692 0.990
3 16 30.452 -7.692 0.000 34.813 -7.692 0.990 30.452 -10.000 2.308
3 16 34.813 -7.692 0.990 38.310 -7.692 3.765 33.807 -10.000 3.069
3 16 38.310 -7.692 3.765 40.251 -7.692 7.775 36.497 -10.000 5.204
3 16 40.251 -7.692 7.775 40.251 -7.692 12.225 37.990 -10.000 8.288
3 16 40.251 -7.692 12.225 38.310 -7.692 16.235 37.990 -10.000 11.712
3 16 38.310 -7.692 16.235 34.813 -7.692 19.010 36.497 -10.000 14.796
3 16 34.813 -7.692 19.010 30.452 -7.692 20.000 33.807 -10.000 16.931
3 16 -49.951 -7.692 0.000 -49.951 -2.308 0.000 30.452 -7.692 0.000
3 16 30.452 -2.308 0.000 30.452 -7.692 0.000 -49.951 -2.308 0.000
3 16 30.452 -7.692 20.000 30.452 -2.308 20.000 -49.951 -7.692 20.000
3 16 -49.951 -2.308 20.000 -49.951 -7.692 20.000 30.452 -2.308 20.000
3 16 30.452 -7.692 20.000 34.813 -7.692 19.010 30.452 -2.308 20.000
3 16 34.813 -7.692 19.010 38.310 -7.692 16.235 34.813 -2.308 19.010
3 16 38.310 -7.692 16.235 40.251 -7.692 12.225 38.310 -2.308 16.235
3 16 40.251 -7.692 12.225 40.251 -7.692 7.775 40.251 -2.308 12.225
3 16 40.251 -7.692 7.775 38.310 -7.692 3.765 40.251 -2.308 7.775
3 16 38.310 -7.692 3.765 34.813 -7.692 0.990 38.310 -2.308 3.765
3 16 34.813 -7.692 0.990 30.452 -7.692 0.000 34.813 -2.308 0.990
3 16 30.452 -2.308 0.000 34.813 -2.308 0.990 30.452 -7.692 0.000
3 16 34.813 -2.308 0.990 38.310 -2.308 3.765 34.813 -7.692 0.990
3 16 38.310 -2.308 3.765 40.251 -2.308 7.775 38.310 -7.692 3.765
3 16 40.251 -2.308 7.775 40.251 -2.308 12.225 40.251 -7.692 7.775
3 16 40.251 -2.308 12.225 38.310 -2.308 16.235 40.251 -7.692 12.225
3 16 38.310 -2.308 16.235 34.813 -2.308 19.010 38.310 -7.692 16.235
3 16 34.813 -2.308 19.010 30.452 -2.308 20.000 34.813 -7.692 19.010
3 16 -49.951 0.000 17.692 -53.305 0.000 16.931 -49.951 -2.308 20.000
3 16 -53.305 0.000 16.931 -55.995 0.000 14.796 -54.312 -2.308 19.010
3 16 -55.995 0.000 14.796 -57.488 0.000 11.712 -57.809 -2.308 16.235
3 16 -57.488 0.000 11.712 -57.488 0.000 8.288 -59.749 -2.308 12.225
3 16 -57.488 0.000 8.288 -55.995 0.000 5.204 -59.749 -2.308 7.775
3 16 -55.995 0.000 5.204 -53.305 0.000 3.069 -57.809 -2.308 3.765
3 16 -53.305 0.000 3.069 -49.951 0.000 2.308 -54.312 -2.308 0.990
3 16 -49.951 -2.308 0.000 -54.312 -2.308 0.990 -49.951 0.000 2.308
3 16 -54.312 -2.308 0.990 -57.809 -2.308 3.765 -53.305 0.000 3.069
3 16 -57.809 -2.308 3.765 -59.749 -2.308 7.775 -55.995 0.000 5.204
3 16 -59.749 -2.308 7.775 -59.749 -2.308 12.225 -57.488 0.000 8.288
3 16 -59.749 -2.308 12.225 -57.809 -2.308 16.235 -57.488 0.000 11.712
3 16 -57.809 -2.308 16.235 -54.312 -2.308 19.010 -55.995 0.000 14.796
3 16 -54.312 -2.308 19.010 -49.951 -2.308 20.000 -53.305 0.000 16.931
3 16 -57.488 0.000 11.712 -55.995 0.000 14.796 -57.488 0.000 8.288
3 16 -53.305 0.000 3.069 -55.995 0.000 5.204 -49.951 0.000 17.692
3 16 -53.305 0.000 16.931 -57.488 0.000 8.288 -55.995 0.000 14.796
3 16 -49.951 0.000 2.308 -53.305 0.000 3.069 -49.951 0.000 17.692
3 16 37.990 0.000 8.288 36.497 0.000 5.204 30.452 0.000 2.308
3 16 33.807 0.000 16.931 36.497 0.000 14.796 30.452 0.000 2.308
3 16 -57.488 0.000 8.288 -49.951 0.000 17.692 -55.995 0.000 5.204
3 16 -49.951 0.000 2.308 -49.951 0.000 17.692 30.452 0.000 2.308
3 16 37.990 0.000 11.712 37.990 0.000 8.288 30.452 0.000 2.308
3 16 30.452 0.000 17.692 33.807 0.000 16.931 30.452 0.000 2.308
3 16 30.452 0.000 17.692 30.452 0.000 2.308 -49.951 0.000 17.692
3 16 37.990 0.000 11.712 30.452 0.000 2.308 36.497 0.000 14.796
3 16 33.807 0.000 3.069 30.452 0.000 2.308 36.497 0.000 5.204
3 16 -49.951 0.000 17.692 -57.488 0.000 8.288 -53.305 0.000 16.931
3 16 -49.951 0.000 17.692 -49.951 -2.308 20.000 30.452 0.000 17.692
3 16 30.452 -2.308 20.000 30.452 0.000 17.692 -49.951 -2.308 20.000
3 16 -49.951 -2.308 0.000 -49.951 0.000 2.308 30.452 -2.308 0.000
3 16 30.452 0.000 2.308 30.452 -2.308 0.000 -49.951 0.000 2.308
3 16 30.452 0.000 2.308 33.807 0.000 3.069 30.452 -2.308 0.000
3 16 33.807 0.000 3.069 36.497 0.000 5.204 34.813 -2.308 0.990
3 16 36.497 0.000 5.204 37.990 0.000 8.288 38.310 -2.308 3.765
3 16 37.990 0.000 8.288 37.990 0.000 11.712 40.251 -2.308 7.775
3 16 37.990 0.000 11.712 36.497 0.000 14.796 40.251 -2.308 12.225
3 16 36.497 0.000 14.796 33.807 0.000 16.931 38.310 -2.308 16.235
3 16 33.807 0.000 16.931 30.452 0.000 17.692 34.813 -2.308 19.010
3 16 30.452 -2.308 20.000 34.813 -2.308 19.010 30.452 0.000 17.692
3 16 34.813 -2.308 19.010 38.310 -2.308 16.235 33.807 0.000 16.931
3 16 38.310 -2.308 16.235 40.251 -2.308 12.225 36.497 0.000 14.796
3 16 40.251 -2.308 12.225 40.251 -2.308 7.775 37.990 0.000 11.712
3 16 40.251 -2.308 7.775 38.310 -2.308 3.765 37.990 0.000 8.288
3 16 38.310 -2.308 3.765 34.813 -2.308 0.990 36.497 0.000 5.204
3 16 34.813 -2.308 0.990 30.452 -2.308 0.000 33.807 0.000 3.069
3 16 12.507 -8.846 5.913 10.911 -8.846 5.418 13.046 -10.000 4.892
3 16 10.352 -10.000 4.231 13.046 -10.000 4.892 10.911 -8.846 5.418
3 16 14.169 -8.846 7.378 12.987 -8.846 6.202 15.123 -10.000 6.723
3 16 13.046 -10.000 4.892 15.123 -10.000 6.723 12.987 -8.846 6.202
3 16 14.956 -8.846 9.444 14.459 -8.846 7.855 16.108 -10.000 9.305
3 16 15.123 -10.000 6.723 16.108 -10.000 9.305 14.459 -8.846 7.855
3 16 14.689 -8.846 11.637 14.990 -8.846 10.000 15.773 -10.000 12.046
3 16 16.108 -10.000 9.305 15.773 -10.000 12.046 14.990 -8.846 10.000
3 16 13.428 -8.846 13.455 14.459 -8.846 12.145 14.197 -10.000 14.318
3 16 15.773 -10.000 12.046 14.197 -10.000 14.318 14.459 -8.846 12.145
3 16 11.462 -8.846 14.481 12.987 -8.846 13.798 11.739 -10.000 15.602
3 16 14.197 -10.000 14.318 11.739 -10.000 15.602 12.987 -8.846 13.798
3 16 10.352 -10.000 15.769 10.911 -8.846 14.582 11.739 -10.000 15.602
3 16 10.352 -8.846 14.615 10.911 -8.846 14.582 10.352 -10.000 15.769
3 16 8.964 -10.000 15.602 9.241 -8.846 14.481 10.352 -10.000 15.769
3 16 10.352 -8.846 14.615 10.352 -10.000 15.769 9.241 -8.846 14.481
3 16 7.276 -8.846 13.455 8.707 -8.846 14.315 6.507 -10.000 14.318
3 16 8.964 -10.000 15.602 6.507 -10.000 14.318 8.707 -8.846 14.315
3 16 6.014 -8.846 11.637 6.879 -8.846 13.061 4.930 -10.000 12.046
3 16 6.507 -10.000 14.318 4.930 -10.000 12.046 6.879 -8.846 13.061
3 16 5.747 -8.846 9.444 5.848 -8.846 11.105 4.596 -10.000 9.305
3 16 4.930 -10.000 12.046 4.596 -10.000 9.305 5.848 -8.846 11.105
3 16 6.534 -8.846 7.378 5.848 -8.846 8.895 5.580 -10.000 6.723
3 16 4.596 -10.000 9.305 5.580 -10.000 6.723 5.848 -8.846 8.895
3 16 8.196 -8.846 5.913 6.879 -8.846 6.939 7.657 -10.000 4.892
3 16 5.580 -10.000 6.723 7.657 -10.000 4.892 6.879 -8.846 6.939
3 16 10.352 -8.846 5.385 8.707 -8.846 5.685 10.352 -10.000 4.231
3 16 7.657 -10.000 4.892 10.352 -10.000 4.231 8.707 -8.846 5.685
3 16 8.196 -8.846 5.913 7.657 -10.000 4.892 8.707 -8.846 5.685
3 16 6.534 -8.846 7.378 5.580 -10.000 6.723 6.879 -8.846 6.939
3 16 5.747 -8.846 9.444 4.596 -10.000 9.305 5.848 -8.846 8.895
3 16 6.014 -8.846 11.637 4.930 -10.000 12.046 5.848 -8.846 11.105
3 16 7.276 -8.846 13.455 6.507 -10.000 14.318 6.879 -8.846 13.061
3 16 9.241 -8.846 14.481 8.964 -10.000 15.602 8.707 -8.846 14.315
3 16 11.462 -8.846 14.481 11.739 -10.000 15.602 10.911 -8.846 14.582
3 16 13.428 -8.846 13.455 14.197 -10.000 14.318 12.987 -8.846 13.798
3 16 14.689 -8.846 11.637 15.773 -10.000 12.046 14.459 -8.846 12.145
3 16 14.956 -8.846 9.444 16.108 -10.000 9.305 14.990 -8.846 10.000
3 16 14.169 -8.846 7.378 15.123 -10.000 6.723 14.459 -8.846 7.855
3 16 12.507 -8.846 5.913 13.046 -10.000 4.892 12.987 -8.846 6.202
3 16 10.352 -8.846 5.385 10.352 -10.000 4.231 10.911 -8.846 5.418
3 16 14.990 -8.846 10.000 14.689 -8.846 11.637 14.990 -8.462 10.000
3 16 14.459 -8.462 12.145 14.990 -8.462 10.000 14.689 -8.846 11.637
3 16 14.459 -8.846 12.145 13.428 -8.846 13.455 14.459 -8.462 12.145
3 16 12.987 -8.462 13.798 14.459 -8.462 12.145 13.428 -8.846 13.455
3 16 12.987 -8.846 13.798 11.462 -8.846 14.481 12.987 -8.462 13.798
3 16 10.911 -8.462 14.582 12.987 -8.462 13.798 11.462 -8.846 14.481
3 16 10.352 -8.846 14.615 9.241 -8.846 14.481 10.911 -8.462 14.582
3 16 8.707 -8.462 14.315 10.911 -8.462 14.582 9.241 -8.846 14.481
3 16 10.911 -8.846 14.582 10.352 -8.846 14.615 10.911 -8.462 14.582
3 16 8.707 -8.846 14.315 7.276 -8.846 13.455 8.707 -8.462 14.315
3 16 6.879 -8.462 13.061 8.707 -8.462 14.315 7.276 -8.846 13.455
3 16 6.879 -8.846 13.061 6.014 -8.846 11.637 6.879 -8.462 13.061
3 16 5.848 -8.462 11.105 6.879 -8.462 13.061 6.014 -8.846 11.637
3 16 5.848 -8.846 11.105 5.747 -8.846 9.444 5.848 -8.462 11.105
3 16 5.848 -8.462 8.895 5.848 -8.462 11.105 5.747 -8.846 9.444
3 16 5.848 -8.846 8.895 6.534 -8.846 7.378 5.848 -8.462 8.895
3 16 6.879 -8.462 6.939 5.848 -8.462 8.895 6.534 -8.846 7.378
3 16 6.879 -8.846 6.939 8.196 -8.846 5.913 6.879 -8.462 6.939
3 16 8.707 -8.462 5.685 6.879 -8.462 6.939 8.196 -8.846 5.913
3 16 8.707 -8.846 5.685 10.352 -8.846 5.385 8.707 -8.462 5.685
3 16 10.911 -8.462 5.418 8.707 -8.462 5.685 10.352 -8.846 5.385
3 16 10.911 -8.846 5.418 12.507 -8.846 5.913 10.911 -8.462 5.418
3 16 12.987 -8.462 6.202 10.911 -8.462 5.418 12.507 -8.846 5.913
3 16 12.987 -8.846 6.202 14.169 -8.846 7.378 12.987 -8.462 6.202
3 16 14.459 -8.462 7.855 12.987 -8.462 6.202 14.169 -8.846 7.378
3 16 14.459 -8.846 7.855 14.956 -8.846 9.444 14.459 -8.462 7.855
3 16 14.990 -8.462 10.000 14.459 -8.462 7.855 14.956 -8.846 9.444
3 16 14.990 -8.846 10.000 14.990 -8.462 10.000 14.956 -8.846 9.444
3 16 14.459 -8.846 7.855 14.459 -8.462 7.855 14.169 -8.846 7.378
3 16 12.987 -8.846 6.202 12.987 -8.462 6.202 12.507 -8.846 5.913
3 16 10.911 -8.846 5.418 10.911 -8.462 5.418 10.352 -8.846 5.385
3 16 8.707 -8.846 5.685 8.707 -8.462 5.685 8.196 -8.846 5.913
3 16 6.879 -8.846 6.939 6.879 -8.462 6.939 6.534 -8.846 7.378
3 16 5.848 -8.846 8.895 5.848 -8.462 8.895 5.747 -8.846 9.444
3 16 5.848 -8.846 11.105 5.848 -8.462 11.105 6.014 -8.846 11.637
3 16 6.879 -8.846 13.061 6.879 -8.462 13.061 7.276 -8.846 13.455
3 16 8.707 -8.846 14.315 8.707 -8.462 14.315 9.241 -8.846 14.481
3 16 10.911 -8.846 14.582 10.911 -8.462 14.582 11.462 -8.846 14.481
3 16 12.987 -8.846 13.798 12.987 -8.462 13.798 13.428 -8.846 13.455
3 16 14.459 -8.846 12.145 14.459 -8.462 12.145 14.689 -8.846 11.637
3 16 16.256 -5.000 10.000 16.085 -5.000 8.594 14.990 -8.462 10.000
3 16 14.459 -8.462 7.855 14.990 -8.462 10.000 16.085 -5.000 8.594
3 16 15.580 -5.000 7.270 14.771 -5.000 6.104 14.459 -8.462 7.855
3 16 12.987 -8.462 6.202 14.459 -8.462 7.855 14.771 -5.000 6.104
3 16 12.987 -8.462 6.202 12.445 -5.000 4.507 10.911 -8.462 5.418
3 16 13.706 -5.000 5.165 12.445 -5.000 4.507 12.987 -8.462 6.202
3 16 11.063 -5.000 4.168 9.640 -5.000 4.168 10.911 -8.462 5.418
3 16 8.707 -8.462 5.685 10.911 -8.462 5.418 9.640 -5.000 4.168
3 16 8.707 -8.462 5.685 6.997 -5.000 5.165 6.879 -8.462 6.939
3 16 8.258 -5.000 4.507 6.997 -5.000 5.165 8.707 -8.462 5.685
3 16 5.932 -5.000 6.104 5.123 -5.000 7.270 6.879 -8.462 6.939
3 16 5.848 -8.462 8.895 6.879 -8.462 6.939 5.123 -5.000 7.270
3 16 4.618 -5.000 8.594 4.447 -5.000 10.000 5.848 -8.462 8.895
3 16 5.848 -8.462 11.105 5.848 -8.462 8.895 4.447 -5.000 10.000
3 16 4.618 -5.000 11.406 5.123 -5.000 12.730 5.848 -8.462 11.105
3 16 6.879 -8.462 13.061 5.848 -8.462 11.105 5.123 -5.000 12.730
3 16 5.932 -5.000 13.896 6.997 -5.000 14.835 6.879 -8.462 13.061
3 16 8.707 -8.462 14.315 6.879 -8.462 13.061 6.997 -5.000 14.835
3 16 8.258 -5.000 15.493 9.640 -5.000 15.832 8.707 -8.462 14.315
3 16 10.911 -8.462 14.582 8.707 -8.462 14.315 9.640 -5.000 15.832
3 16 11.063 -5.000 15.832 12.445 -5.000 15.493 10.911 -8.462 14.582
3 16 12.987 -8.462 13.798 10.911 -8.462 14.582 12.445 -5.000 15.493
3 16 12.987 -8.462 13.798 14.771 -5.000 13.896 14.459 -8.462 12.145
3 16 13.706 -5.000 14.835 14.771 -5.000 13.896 12.987 -8.462 13.798
3 16 15.580 -5.000 12.730 16.085 -5.000 11.406 14.459 -8.462 12.145
3 16 14.990 -8.462 10.000 14.459 -8.462 12.145 16.085 -5.000 11.406
3 16 16.256 -5.000 10.000 14.990 -8.462 10.000 16.085 -5.000 11.406
3 16 15.580 -5.000 12.730 14.459 -8.462 12.145 14.771 -5.000 13.896
3 16 13.706 -5.000 14.835 12.987 -8.462 13.798 12.445 -5.000 15.493
3 16 11.063 -5.000 15.832 10.911 -8.462 14.582 9.640 -5.000 15.832
3 16 8.258 -5.000 15.493 8.707 -8.462 14.315 6.997 -5.000 14.835
3 16 5.932 -5.000 13.896 6.879 -8.462 13.061 5.123 -5.000 12.730
3 16 4.618 -5.000 11.406 5.848 -8.462 11.105 4.447 -5.000 10.000
3 16 4.618 -5.000 8.594 5.848 -8.462 8.895 5.123 -5.000 7.270
3 16 5.932 -5.000 6.104 6.879 -8.462 6.939 6.997 -5.000 5.165
3 16 8.258 -5.000 4.507 8.707 -8.462 5.685 9.640 -5.000 4.168
3 16 11.063 -5.000 4.168 10.911 -8.462 5.418 12.445 -5.000 4.507
3 16 13.706 -5.000 5.165 12.987 -8.462 6.202 14.771 -5.000 6.104
3 16 15.580 -5.000 7.270 14.459 -8.462 7.855 16.085 -5.000 8.594
3 16 4.447 -5.000 10.000 4.618 -5.000 8.594 5.713 -1.538 10.000
3 16 6.244 -1.538 7.855 5.713 -1.538 10.000 4.618 -5.000 8.594
3 16 5.123 -5.000 7.270 5.932 -5.000 6.104 6.244 -1.538 7.855
3 16 7.716 -1.538 6.202 6.244 -1.538 7.855 5.932 -5.000 6.104
3 16 7.716 -1.538 6.202 8.258 -5.000 4.507 9.792 -1.538 5.418
3 16 6.997 -5.000 5.165 8.258 -5.000 4.507 7.716 -1.538 6.202
3 16 9.640 -5.000 4.168 11.063 -5.000 4.168 9.792 -1.538 5.418
3 16 11.996 -1.538 5.685 9.792 -1.538 5.418 11.063 -5.000 4.168
3 16 12.445 -5.000 4.507 13.706 -5.000 5.165 11.996 -1.538 5.685
3 16 13.824 -1.538 6.939 11.996 -1.538 5.685 13.706 -5.000 5.165
3 16 13.824 -1.538 6.939 15.580 -5.000 7.270 14.855 -1.538 8.895
3 16 14.771 -5.000 6.104 15.580 -5.000 7.270 13.824 -1.538 6.939
3 16 14.990 -1.538 10.000 14.855 -1.538 8.895 16.256 -5.000 10.000
3 16 16.085 -5.000 11.406 14.855 -1.538 11.105 16.256 -5.000 10.000
3 16 14.990 -1.538 10.000 16.256 -5.000 10.000 14.855 -1.538 11.105
3 16 16.085 -5.000 11.406 15.580 -5.000 12.730 14.855 -1.538 11.105
3 16 13.824 -1.538 13.061 14.855 -1.538 11.105 15.580 -5.000 12.730
3 16 14.771 -5.000 13.896 13.706 -5.000 14.835 13.824 -1.538 13.061
3 16 11.996 -1.538 14.315 13.824 -1.538 13.061 13.706 -5.000 14.835
3 16 12.445 -5.000 15.493 11.063 -5.000 15.832 11.996 -1.538 14.315
3 16 9.792 -1.538 14.582 11.996 -1.538 14.315 11.063 -5.000 15.832
3 16 9.640 -5.000 15.832 8.258 -5.000 15.493 9.792 -1.538 14.582
3 16 7.716 -1.538 13.798 9.792 -1.538 14.582 8.258 -5.000 15.493
3 16 7.716 -1.538 13.798 5.932 -5.000 13.896 6.244 -1.538 12.145
3 16 6.997 -5.000 14.835 5.932 -5.000 13.896 7.716 -1.538 13.798
3 16 5.123 -5.000 12.730 4.618 -5.000 11.406 6.244 -1.538 12.145
3 16 5.713 -1.538 10.000 6.244 -1.538 12.145 4.618 -5.000 11.406
3 16 4.447 -5.000 10.000 5.713 -1.538 10.000 4.618 -5.000 11.406
3 16 5.123 -5.000 12.730 6.244 -1.538 12.145 5.932 -5.000 13.896
3 16 6.997 -5.000 14.835 7.716 -1.538 13.798 8.258 -5.000 15.493
3 16 9.640 -5.000 15.832 9.792 -1.538 14.582 11.063 -5.000 15.832
3 16 12.445 -5.000 15.493 11.996 -1.538 14.315 13.706 -5.000 14.835
3 16 14.771 -5.000 13.896 13.824 -1.538 13.061 15.580 -5.000 12.730
3 16 16.085 -5.000 8.594 16.256 -5.000 10.000 14.855 -1.538 8.895
3 16 16.085 -5.000 8.594 14.855 -1.538 8.895 15.580 -5.000 7.270
3 16 14.771 -5.000 6.104 13.824 -1.538 6.939 13.706 -5.000 5.165
3 16 12.445 -5.000 4.507 11.996 -1.538 5.685 11.063 -5.000 4.168
3 16 9.640 -5.000 4.168 9.792 -1.538 5.418 8.258 -5.000 4.507
3 16 6.997 -5.000 5.165 7.716 -1.538 6.202 5.932 -5.000 6.104
3 16 5.123 -5.000 7.270 6.244 -1.538 7.855 4.618 -5.000 8.594
3 16 14.855 -1.538 11.105 13.824 -1.538 13.061 10.352 -1.538 10.000
3 16 11.996 -1.538 14.315 10.352 -1.538 10.000 13.824 -1.538 13.061
3 16 9.792 -1.538 14.582 10.352 -1.538 10.000 11.996 -1.538 14.315
3 16 7.716 -1.538 13.798 10.352 -1.538 10.000 9.792 -1.538 14.582
3 16 6.244 -1.538 12.145 10.352 -1.538 10.000 7.716 -1.538 13.798
3 16 5.713 -1.538 10.000 10.352 -1.538 10.000 6.244 -1.538 12.145
3 16 6.244 -1.538 7.855 10.352 -1.538 10.000 5.713 -1.538 10.000
3 16 7.716 -1.538 6.202 10.352 -1.538 10.000 6.244 -1.538 7.855
3 16 9.792 -1.538 5.418 10.352 -1.538 10.000 7.716 -1.538 6.202
3 16 11.996 -1.538 5.685 10.352 -1.538 10.000 9.792 -1.538 5.418
3 16 13.824 -1.538 6.939 10.352 -1.538 10.000 11.996 -1.538 5.685
3 16 14.855 -1.538 8.895 10.352 -1.538 10.000 13.824 -1.538 6.939
3 16 14.990 -1.538 10.000 10.352 -1.538 10.000 14.855 -1.538 8.895
3 16 14.855 -1.538 11.105 10.352 -1.538 10.000 14.990 -1.538 10.000
3 16 -7.594 -8.846 5.913 -9.190 -8.846 5.418 -7.055 -10.000 4.892
3 16 -9.749 -10.000 4.231 -7.055 -10.000 4.892 -9.190 -8.846 5.418
3 16 -5.932 -8.846 7.378 -7.114 -8.846 6.202 -4.977 -10.000 6.723
3 16 -7.055 -10.000 4.892 -4.977 -10.000 6.723 -7.114 -8.846 6.202
3 16 -5.144 -8.846 9.444 -5.642 -8.846 7.855 -3.993 -10.000 9.305
3 16 -4.977 -10.000 6.723 -3.993 -10.000 9.305 -5.642 -8.846 7.855
3 16 -5.412 -8.846 11.637 -5.111 -8.846 10.000 -4.328 -10.000 12.046
3 16 -3.993 -10.000 9.305 -4.328 -10.000 12.046 -5.111 -8.846 10.000
3 16 -6.673 -8.846 13.455 -5.642 -8.846 12.145 -5.904 -10.000 14.318
3 16 -4.328 -10.000 12.046 -5.904 -10.000 14.318 -5.642 -8.846 12.145
3 16 -8.639 -8.846 14.481 -7.114 -8.846 13.798 -8.362 -10.000 15.602
3 16 -5.904 -10.000 14.318 -8.362 -10.000 15.602 -7.114 -8.846 13.798
3 16 -9.749 -10.000 15.769 -9.190 -8.846 14.582 -8.362 -10.000 15.602
3 16 -9.749 -8.846 14.615 -9.190 -8.846 14.582 -9.749 -10.000 15.769
3 16 -11.137 -10.000 15.602 -10.859 -8.846 14.481 -9.749 -10.000 15.769
3 16 -9.749 -8.846 14.615 -9.749 -10.000 15.769 -10.859 -8.846 14.481
3 16 -12.825 -8.846 13.455 -11.394 -8.846 14.315 -13.594 -10.000 14.318
3 16 -11.137 -10.000 15.602 -13.594 -10.000 14.318 -11.394 -8.846 14.315
3 16 -14.086 -8.846 11.637 -13.221 -8.846 13.061 -15.171 -10.000 12.046
3 16 -13.594 -10.000 14.318 -15.171 -10.000 12.046 -13.221 -8.846 13.061
3 16 -14.354 -8.846 9.444 -14.253 -8.846 11.105 -15.505 -10.000 9.305
3 16 -15.171 -10.000 12.046 -15.505 -10.000 9.305 -14.253 -8.846 11.105
3 16 -13.567 -8.846 7.378 -14.253 -8.846 8.895 -14.521 -10.000 6.723
3 16 -15.505 -10.000 9.305 -14.521 -10.000 6.723 -14.253 -8.846 8.895
3 16 -11.905 -8.846 5.913 -13.221 -8.846 6.939 -12.444 -10.000 4.892
3 16 -14.521 -10.000 6.723 -12.444 -10.000 4.892 -13.221 -8.846 6.939
3 16 -9.749 -8.846 5.385 -11.394 -8.846 5.685 -9.749 -10.000 4.231
3 16 -12.444 -10.000 4.892 -9.749 -10.000 4.231 -11.394 -8.846 5.685
3 16 -11.905 -8.846 5.913 -12.444 -10.000 4.892 -11.394 -8.846 5.685
3 16 -13.567 -8.846 7.378 -14.521 -10.000 6.723 -13.221 -8.846 6.939
3 16 -14.354 -8.846 9.444 -15.505 -10.000 9.305 -14.253 -8.846 8.895
3 16 -14.086 -8.846 11.637 -15.171 -10.000 12.046 -14.253 -8.846 11.105
3 16 -12.825 -8.846 13.455 -13.594 -10.000 14.318 -13.221 -8.846 13.061
3 16 -10.859 -8.846 14.481 -11.137 -10.000 15.602 -11.394 -8.846 14.315
3 16 -8.639 -8.846 14.481 -8.362 -10.000 15.602 -9.190 -8.846 14.582
3 16 -6.673 -8.846 13.455 -5.904 -10.000 14.318 -7.114 -8.846 13.798
3 16 -5.412 -8.846 11.637 -4.328 -10.000 12.046 -5.642 -8.846 12.145
3 16 -5.144 -8.846 9.444 -3.993 -10.000 9.305 -5.111 -8.846 10.000
3 16 -5.932 -8.846 7.378 -4.977 -10.000 6.723 -5.642 -8.846 7.855
3 16 -7.594 -8.846 5.913 -7.055 -10.000 4.892 -7.114 -8.846 6.202
3 16 -9.749 -8.846 5.385 -9.749 -10.000 4.231 -9.190 -8.846 5.418
3 16 -5.111 -8.846 10.000 -5.412 -8.846 11.637 -5.111 -8.462 10.000
3 16 -5.642 -8.462 12.145 -5.111 -8.462 10.000 -5.412 -8.846 11.637
3 16 -5.642 -8.846 12.145 -6.673 -8.846 13.455 -5.642 -8.462 12.145
3 16 -7.114 -8.462 13.798 -5.642 -8.462 12.145 -6.673 -8.846 13.455
3 16 -7.114 -8.846 13.798 -8.639 -8.846 14.481 -7.114 -8.462 13.798
3 16 -9.190 -8.462 14.582 -7.114 -8.462 13.798 -8.639 -8.846 14.481
3 16 -9.749 -8.846 14.615 -10.859 -8.846 14.481 -9.190 -8.462 14.582
3 16 -11.394 -8.462 14.315 -9.190 -8.462 14.582 -10.859 -8.846 14.481
3 16 -9.190 -8.846 14.582 -9.749 -8.846 14.615 -9.190 -8.462 14.582
3 16 -11.394 -8.846 14.315 -12.825 -8.846 13.455 -11.394 -8.462 14.315
3 16 -13.221 -8.462 13.061 -11.394 -8.462 14.315 -12.825 -8.846 13.455
3 16 -13.221 -8.846 13.061 -14.086 -8.846 11.637 -13.221 -8.462 13.061
3 16 -14.253 -8.462 11.105 -13.221 -8.462 13.061 -14.086 -8.846 11.637
3 16 -14.253 -8.846 11.105 -14.354 -8.846 9.444 -14.253 -8.462 11.105
3 16 -14.253 -8.462 8.895 -14.253 -8.462 11.105 -14.354 -8.846 9.444
3 16 -14.253 -8.846 8.895 -13.567 -8.846 7.378 -14.253 -8.462 8.895
3 16 -13.221 -8.462 6.939 -14.253 -8.462 8.895 -13.567 -8.846 7.378
3 16 -13.221 -8.846 6.939 -11.905 -8.846 5.913 -13.221 -8.462 6.939
3 16 -11.394 -8.462 5.685 -13.221 -8.462 6.939 -11.905 -8.846 5.913
3 16 -11.394 -8.846 5.685 -9.749 -8.846 5.385 -11.394 -8.462 5.685
3 16 -9.190 -8.462 5.418 -11.394 -8.462 5.685 -9.749 -8.846 5.385
3 16 -9.190 -8.846 5.418 -7.594 -8.846 5.913 -9.190 -8.462 5.418
3 16 -7.114 -8.462 6.202 -9.190 -8.462 5.418 -7.594 -8.846 5.913
3 16 -7.114 -8.846 6.202 -5.932 -8.846 7.378 -7.114 -8.462 6.202
3 16 -5.642 -8.462 7.855 -7.114 -8.462 6.202 -5.932 -8.846 7.378
3 16 -5.642 -8.846 7.855 -5.144 -8.846 9.444 -5.642 -8.462 7.855
3 16 -5.111 -8.462 10.000 -5.642 -8.462 7.855 -5.144 -8.846 9.444
3 16 -5.111 -8.846 10.000 -5.111 -8.462 10.000 -5.144 -8.846 9.444
3 16 -5.642 -8.846 7.855 -5.642 -8.462 7.855 -5.932 -8.846 7.378
3 16 -7.114 -8.846 6.202 -7.114 -8.462 6.202 -7.594 -8.846 5.913
3 16 -9.190 -8.846 5.418 -9.190 -8.462 5.418 -9.749 -8.846 5.385
3 16 -11.394 -8.846 5.685 -11.394 -8.462 5.685 -11.905 -8.846 5.913
3 16 -13.221 -8.846 6.939 -13.221 -8.462 6.939 -13.567 -8.846 7.378
3 16 -14.253 -8.846 8.895 -14.253 -8.462 8.895 -14.354 -8.846 9.444
3 16 -14.253 -8.846 11.105 -14.253 -8.462 11.105 -14.086 -8.846 11.637
3 16 -13.221 -8.846 13.061 -13.221 -8.462 13.061 -12.825 -8.846 13.455
3 16 -11.394 -8.846 14.315 -11.394 -8.462 14.315 -10.859 -8.846 14.481
3 16 -9.190 -8.846 14.582 -9.190 -8.462 14.582 -8.639 -8.846 14.481
3 16 -7.114 -8.846 13.798 -7.114 -8.462 13.798 -6.673 -8.846 13.455
3 16 -5.642 -8.846 12.145 -5.642 -8.462 12.145 -5.412 -8.846 11.637
3 16 -5.111 -8.462 10.000 -4.016 -5.000 8.594 -5.642 -8.462 7.855
3 16 -3.844 -5.000 10.000 -4.016 -5.000 8.594 -5.111 -8.462 10.000
3 16 -4.521 -5.000 7.270 -5.329 -5.000 6.104 -5.642 -8.462 7.855
3 16 -7.114 -8.462 6.202 -5.642 -8.462 7.855 -5.329 -5.000 6.104
3 16 -7.114 -8.462 6.202 -7.655 -5.000 4.507 -9.190 -8.462 5.418
3 16 -6.395 -5.000 5.165 -7.655 -5.000 4.507 -7.114 -8.462 6.202
3 16 -9.038 -5.000 4.168 -10.461 -5.000 4.168 -9.190 -8.462 5.418
3 16 -11.394 -8.462 5.685 -9.190 -8.462 5.418 -10.461 -5.000 4.168
3 16 -11.394 -8.462 5.685 -13.104 -5.000 5.165 -13.221 -8.462 6.939
3 16 -11.843 -5.000 4.507 -13.104 -5.000 5.165 -11.394 -8.462 5.685
3 16 -14.169 -5.000 6.104 -14.978 -5.000 7.270 -13.221 -8.462 6.939
3 16 -14.253 -8.462 8.895 -13.221 -8.462 6.939 -14.978 -5.000 7.270
3 16 -15.483 -5.000 8.594 -15.654 -5.000 10.000 -14.253 -8.462 8.895
3 16 -14.253 -8.462 11.105 -14.253 -8.462 8.895 -15.654 -5.000 10.000
3 16 -15.483 -5.000 11.406 -14.978 -5.000 12.730 -14.253 -8.462 11.105
3 16 -13.221 -8.462 13.061 -14.253 -8.462 11.105 -14.978 -5.000 12.730
3 16 -14.169 -5.000 13.896 -13.104 -5.000 14.835 -13.221 -8.462 13.061
3 16 -11.394 -8.462 14.315 -13.221 -8.462 13.061 -13.104 -5.000 14.835
3 16 -11.843 -5.000 15.493 -10.461 -5.000 15.832 -11.394 -8.462 14.315
3 16 -9.190 -8.462 14.582 -11.394 -8.462 14.315 -10.461 -5.000 15.832
3 16 -9.038 -5.000 15.832 -7.655 -5.000 15.493 -9.190 -8.462 14.582
3 16 -7.114 -8.462 13.798 -9.190 -8.462 14.582 -7.655 -5.000 15.493
3 16 -7.114 -8.462 13.798 -5.329 -5.000 13.896 -5.642 -8.462 12.145
3 16 -6.395 -5.000 14.835 -5.329 -5.000 13.896 -7.114 -8.462 13.798
3 16 -4.521 -5.000 12.730 -4.016 -5.000 11.406 -5.642 -8.462 12.145
3 16 -5.111 -8.462 10.000 -5.642 -8.462 12.145 -4.016 -5.000 11.406
3 16 -3.844 -5.000 10.000 -5.111 -8.462 10.000 -4.016 -5.000 11.406
3 16 -4.521 -5.000 12.730 -5.642 -8.462 12.145 -5.329 -5.000 13.896
3 16 -6.395 -5.000 14.835 -7.114 -8.462 13.798 -7.655 -5.000 15.493
3 16 -9.038 -5.000 15.832 -9.190 -8.462 14.582 -10.461 -5.000 15.832
3 16 -11.843 -5.000 15.493 -11.394 -8.462 14.315 -13.104 -5.000 14.835
3 16 -14.169 -5.000 13.896 -13.221 -8.462 13.061 -14.978 -5.000 12.730
3 16 -15.483 -5.000 11.406 -14.253 -8.462 11.105 -15.654 -5.000 10.000
3 16 -15.483 -5.000 8.594 -14.253 -8.462 8.895 -14.978 -5.000 7.270
3 16 -14.169 -5.000 6.104 -13.221 -8.462 6.939 -13.104 -5.000 5.165
3 16 -11.843 -5.000 4.507 -11.394 -8.462 5.685 -10.461 -5.000 4.168
3 16 -9.038 -5.000 4.168 -9.190 -8.462 5.418 -7.655 -5.000 4.507
3 16 -6.395 -5.000 5.165 -7.114 -8.462 6.202 -5.329 -5.000 6.104
3 16 -4.521 -5.000 7.270 -5.642 -8.462 7.855 -4.016 -5.000 8.594
3 16 -15.654 -5.000 10.000 -15.483 -5.000 8.594 -14.388 -1.538 10.000
3 16 -13.857 -1.538 7.855 -14.388 -1.538 10.000 -15.483 -5.000 8.594
3 16 -14.978 -5.000 7.270 -14.169 -5.000 6.104 -13.857 -1.538 7.855
3 16 -12.384 -1.538 6.202 -13.857 -1.538 7.855 -14.169 -5.000 6.104
3 16 -13.104 -5.000 5.165 -11.843 -5.000 4.507 -12.384 -1.538 6.202
3 16 -10.308 -1.538 5.418 -12.384 -1.538 6.202 -11.843 -5.000 4.507
3 16 -10.461 -5.000 4.168 -9.038 -5.000 4.168 -10.308 -1.538 5.418
3 16 -8.104 -1.538 5.685 -10.308 -1.538 5.418 -9.038 -5.000 4.168
3 16 -8.104 -1.538 5.685 -6.395 -5.000 5.165 -6.277 -1.538 6.939
3 16 -7.655 -5.000 4.507 -6.395 -5.000 5.165 -8.104 -1.538 5.685
3 16 -5.329 -5.000 6.104 -4.521 -5.000 7.270 -6.277 -1.538 6.939
3 16 -5.245 -1.538 8.895 -6.277 -1.538 6.939 -4.521 -5.000 7.270
3 16 -3.844 -5.000 10.000 -5.111 -1.538 10.000 -4.016 -5.000 8.594
3 16 -5.245 -1.538 11.105 -5.111 -1.538 10.000 -4.016 -5.000 11.406
3 16 -3.844 -5.000 10.000 -4.016 -5.000 11.406 -5.111 -1.538 10.000
3 16 -4.016 -5.000 11.406 -4.521 -5.000 12.730 -5.245 -1.538 11.105
3 16 -6.277 -1.538 13.061 -5.245 -1.538 11.105 -4.521 -5.000 12.730
3 16 -5.329 -5.000 13.896 -6.395 -5.000 14.835 -6.277 -1.538 13.061
3 16 -8.104 -1.538 14.315 -6.277 -1.538 13.061 -6.395 -5.000 14.835
3 16 -7.655 -5.000 15.493 -9.038 -5.000 15.832 -8.104 -1.538 14.315
3 16 -10.308 -1.538 14.582 -8.104 -1.538 14.315 -9.038 -5.000 15.832
3 16 -10.461 -5.000 15.832 -11.843 -5.000 15.493 -10.308 -1.538 14.582
3 16 -12.384 -1.538 13.798 -10.308 -1.538 14.582 -11.843 -5.000 15.493
3 16 -13.104 -5.000 14.835 -14.169 -5.000 13.896 -12.384 -1.538 13.798
3 16 -13.857 -1.538 12.145 -12.384 -1.538 13.798 -14.169 -5.000 13.896
3 16 -14.978 -5.000 12.730 -15.483 -5.000 11.406 -13.857 -1.538 12.145
3 16 -14.388 -1.538 10.000 -13.857 -1.538 12.145 -15.483 -5.000 11.406
3 16 -15.654 -5.000 10.000 -14.388 -1.538 10.000 -15.483 -5.000 11.406
3 16 -14.978 -5.000 12.730 -13.857 -1.538 12.145 -14.169 -5.000 13.896
3 16 -13.104 -5.000 14.835 -12.384 -1.538 13.798 -11.843 -5.000 15.493
3 16 -10.461 -5.000 15.832 -10.308 -1.538 14.582 -9.038 -5.000 15.832
3 16 -7.655 -5.000 15.493 -8.104 -1.538 14.315 -6.395 -5.000 14.835
3 16 -5.329 -5.000 13.896 -6.277 -1.538 13.061 -4.521 -5.000 12.730
3 16 -5.245 -1.538 8.895 -4.016 -5.000 8.594 -5.111 -1.538 10.000
3 16 -4.016 -5.000 8.594 -5.245 -1.538 8.895 -4.521 -5.000 7.270
3 16 -5.329 -5.000 6.104 -6.277 -1.538 6.939 -6.395 -5.000 5.165
3 16 -7.655 -5.000 4.507 -8.104 -1.538 5.685 -9.038 -5.000 4.168
3 16 -10.461 -5.000 4.168 -10.308 -1.538 5.418 -11.843 -5.000 4.507
3 16 -13.104 -5.000 5.165 -12.384 -1.538 6.202 -14.169 -5.000 6.104
3 16 -14.978 -5.000 7.270 -13.857 -1.538 7.855 -15.483 -5.000 8.594
3 16 -5.245 -1.538 11.105 -6.277 -1.538 13.061 -9.749 -1.538 10.000
3 16 -8.104 -1.538 14.315 -9.749 -1.538 10.000 -6.277 -1.538 13.061
3 16 -10.308 -1.538 14.582 -9.749 -1.538 10.000 -8.104 -1.538 14.315
3 16 -12.384 -1.538 13.798 -9.749 -1.538 10.000 -10.308 -1.538 14.582
3 16 -13.857 -1.538 12.145 -9.749 -1.538 10.000 -12.384 -1.538 13.798
3 16 -14.388 -1.538 10.000 -9.749 -1.538 10.000 -13.857 -1.538 12.145
3 16 -13.857 -1.538 7.855 -9.749 -1.538 10.000 -14.388 -1.538 10.000
3 16 -12.384 -1.538 6.202 -9.749 -1.538 10.000 -13.857 -1.538 7.855
3 16 -10.308 -1.538 5.418 -9.749 -1.538 10.000 -12.384 -1.538 6.202
3 16 -8.104 -1.538 5.685 -9.749 -1.538 10.000 -10.308 -1.538 5.418
3 16 -6.277 -1.538 6.939 -9.749 -1.538 10.000 -8.104 -1.538 5.685
3 16 -5.245 -1.538 8.895 -9.749 -1.538 10.000 -6.277 -1.538 6.939
3 16 -5.111 -1.538 10.000 -9.749 -1.538 10.000 -5.245 -1.538 8.895
3 16 -5.245 -1.538 11.105 -9.749 -1.538 10.000 -5.111 -1.538 10.000
3 16 -27.694 -8.846 5.913 -29.291 -8.846 5.418 -27.155 -10.000 4.892
3 16 -29.850 -10.000 4.231 -27.155 -10.000 4.892 -29.291 -8.846 5.418
3 16 -26.033 -8.846 7.378 -27.215 -8.846 6.202 -25.078 -10.000 6.723
3 16 -27.155 -10.000 4.892 -25.078 -10.000 6.723 -27.215 -8.846 6.202
3 16 -25.245 -8.846 9.444 -25.743 -8.846 7.855 -24.094 -10.000 9.305
3 16 -25.078 -10.000 6.723 -24.094 -10.000 9.305 -25.743 -8.846 7.855
3 16 -25.513 -8.846 11.637 -25.211 -8.846 10.000 -24.429 -10.000 12.046
3 16 -24.094 -10.000 9.305 -24.429 -10.000 12.046 -25.211 -8.846 10.000
3 16 -26.774 -8.846 13.455 -25.743 -8.846 12.145 -26.005 -10.000 14.318
3 16 -24.429 -10.000 12.046 -26.005 -10.000 14.318 -25.743 -8.846 12.145
3 16 -28.740 -8.846 14.481 -27.215 -8.846 13.798 -28.462 -10.000 15.602
3 16 -26.005 -10.000 14.318 -28.462 -10.000 15.602 -27.215 -8.846 13.798
3 16 -29.850 -10.000 15.769 -29.291 -8.846 14.582 -28.462 -10.000 15.602
3 16 -29.850 -8.846 14.615 -29.291 -8.846 14.582 -29.850 -10.000 15.769
3 16 -31.238 -10.000 15.602 -30.960 -8.846 14.481 -29.850 -10.000 15.769
3 16 -29.850 -8.846 14.615 -29.850 -10.000 15.769 -30.960 -8.846 14.481
3 16 -32.926 -8.846 13.455 -31.495 -8.846 14.315 -33.695 -10.000 14.318
3 16 -31.238 -10.000 15.602 -33.695 -10.000 14.318 -31.495 -8.846 14.315
3 16 -34.187 -8.846 11.637 -33.322 -8.846 13.061 -35.272 -10.000 12.046
3 16 -33.695 -10.000 14.318 -35.272 -10.000 12.046 -33.322 -8.846 13.061
3 16 -34.455 -8.846 9.444 -34.354 -8.846 11.105 -35.606 -10.000 9.305
3 16 -35.272 -10.000 12.046 -35.606 -10.000 9.305 -34.354 -8.846 11.105
3 16 -33.668 -8.846 7.378 -34.354 -8.846 8.895 -34.622 -10.000 6.723
3 16 -35.606 -10.000 9.305 -34.622 -10.000 6.723 -34.354 -8.846 8.895
3 16 -32.006 -8.846 5.913 -33.322 -8.846 6.939 -32.545 -10.000 4.892
3 16 -34.622 -10.000 6.723 -32.545 -10.000 4.892 -33.322 -8.846 6.939
3 16 -29.850 -8.846 5.385 -31.495 -8.846 5.685 -29.850 -10.000 4.231
3 16 -32.545 -10.000 4.892 -29.850 -10.000 4.231 -31.495 -8.846 5.685
3 16 -32.006 -8.846 5.913 -32.545 -10.000 4.892 -31.495 -8.846 5.685
3 16 -33.668 -8.846 7.378 -34.622 -10.000 6.723 -33.322 -8.846 6.939
3 16 -34.455 -8.846 9.444 -35.606 -10.000 9.305 -34.354 -8.846 8.895
3 16 -34.187 -8.846 11.637 -35.272 -10.000 12.046 -34.354 -8.846 11.105
3 16 -32.926 -8.846 13.455 -33.695 -10.000 14.318 -33.322 -8.846 13.061
3 16 -30.960 -8.846 14.481 -31.238 -10.000 15.602 -31.495 -8.846 14.315
3 16 -28.740 -8.846 14.481 -28.462 -10.000 15.602 -29.291 -8.846 14.582
3 16 -26.774 -8.846 13.455 -26.005 -10.000 14.318 -27.215 -8.846 13.798
3 16 -25.513 -8.846 11.637 -24.429 -10.000 12.046 -25.743 -8.846 12.145
3 16 -25.245 -8.846 9.444 -24.094 -10.000 9.305 -25.211 -8.846 10.000
3 16 -26.033 -8.846 7.378 -25.078 -10.000 6.723 -25.743 -8.846 7.855
3 16 -27.694 -8.846 5.913 -27.155 -10.000 4.892 -27.215 -8.846 6.202
3 16 -29.850 -8.846 5.385 -29.850 -10.000 4.231 -29.291 -8.846 5.418
3 16 -25.211 -8.846 10.000 -25.513 -8.846 11.637 -25.211 -8.462 10.000
3 16 -25.743 -8.462 12.145 -25.211 -8.462 10.000 -25.513 -8.846 11.637
3 16 -25.743 -8.846 12.145 -26.774 -8.846 13.455 -25.743 -8.462 12.145
3 16 -27.215 -8.462 13.798 -25.743 -8.462 12.145 -26.774 -8.846 13.455
3 16 -27.215 -8.846 13.798 -28.740 -8.846 14.481 -27.215 -8.462 13.798
3 16 -29.291 -8.462 14.582 -27.215 -8.462 13.798 -28.740 -8.846 14.481
3 16 -29.291 -8.462 14.582 -29.850 -8.846 14.615 -31.495 -8.462 14.315
3 16 -30.960 -8.846 14.481 -31.495 -8.462 14.315 -29.850 -8.846 14.615
3 16 -29.291 -8.846 14.582 -29.850 -8.846 14.615 -29.291 -8.462 14.582
3 16 -31.495 -8.846 14.315 -32.926 -8.846 13.455 -31.495 -8.462 14.315
3 16 -33.322 -8.462 13.061 -31.495 -8.462 14.315 -32.926 -8.846 13.455
3 16 -33.322 -8.846 13.061 -34.187 -8.846 11.637 -33.322 -8.462 13.061
3 16 -34.354 -8.462 11.105 -33.322 -8.462 13.061 -34.187 -8.846 11.637
3 16 -34.354 -8.846 11.105 -34.455 -8.846 9.444 -34.354 -8.462 11.105
3 16 -34.354 -8.462 8.895 -34.354 -8.462 11.105 -34.455 -8.846 9.444
3 16 -34.354 -8.846 8.895 -33.668 -8.846 7.378 -34.354 -8.462 8.895
3 16 -33.322 -8.462 6.939 -34.354 -8.462 8.895 -33.668 -8.846 7.378
3 16 -33.322 -8.846 6.939 -32.006 -8.846 5.913 -33.322 -8.462 6.939
3 16 -31.495 -8.462 5.685 -33.322 -8.462 6.939 -32.006 -8.846 5.913
3 16 -31.495 -8.846 5.685 -29.850 -8.846 5.385 -31.495 -8.462 5.685
3 16 -29.291 -8.462 5.418 -31.495 -8.462 5.685 -29.850 -8.846 5.385
3 16 -29.291 -8.846 5.418 -27.694 -8.846 5.913 -29.291 -8.462 5.418
3 16 -27.215 -8.462 6.202 -29.291 -8.462 5.418 -27.694 -8.846 5.913
3 16 -27.215 -8.846 6.202 -26.033 -8.846 7.378 -27.215 -8.462 6.202
3 16 -25.743 -8.462 7.855 -27.215 -8.462 6.202 -26.033 -8.846 7.378
3 16 -25.743 -8.846 7.855 -25.245 -8.846 9.444 -25.743 -8.462 7.855
3 16 -25.211 -8.462 10.000 -25.743 -8.462 7.855 -25.245 -8.846 9.444
3 16 -25.211 -8.846 10.000 -25.211 -8.462 10.000 -25.245 -8.846 9.444
3 16 -25.743 -8.846 7.855 -25.743 -8.462 7.855 -26.033 -8.846 7.378
3 16 -27.215 -8.846 6.202 -27.215 -8.462 6.202 -27.694 -8.846 5.913
3 16 -29.291 -8.846 5.418 -29.291 -8.462 5.418 -29.850 -8.846 5.385
3 16 -31.495 -8.846 5.685 -31.495 -8.462 5.685 -32.006 -8.846 5.913
3 16 -33.322 -8.846 6.939 -33.322 -8.462 6.939 -33.668 -8.846 7.378
3 16 -34.354 -8.846 8.895 -34.354 -8.462 8.895 -34.455 -8.846 9.444
3 16 -34.354 -8.846 11.105 -34.354 -8.462 11.105 -34.187 -8.846 11.637
3 16 -33.322 -8.846 13.061 -33.322 -8.462 13.061 -32.926 -8.846 13.455
3 16 -31.495 -8.846 14.315 -31.495 -8.462 14.315 -30.960 -8.846 14.481
3 16 -29.291 -8.846 14.582 -29.291 -8.462 14.582 -28.740 -8.846 14.481
3 16 -27.215 -8.846 13.798 -27.215 -8.462 13.798 -26.774 -8.846 13.455
3 16 -25.743 -8.846 12.145 -25.743 -8.462 12.145 -25.513 -8.846 11.637
3 16 -23.945 -5.000 10.000 -24.117 -5.000 8.594 -25.211 -8.462 10.000
3 16 -25.743 -8.462 7.855 -25.211 -8.462 10.000 -24.117 -5.000 8.594
3 16 -24.622 -5.000 7.270 -25.430 -5.000 6.104 -25.743 -8.462 7.855
3 16 -27.215 -8.462 6.202 -25.743 -8.462 7.855 -25.430 -5.000 6.104
3 16 -26.496 -5.000 5.165 -27.756 -5.000 4.507 -27.215 -8.462 6.202
3 16 -29.291 -8.462 5.418 -27.215 -8.462 6.202 -27.756 -5.000 4.507
3 16 -29.138 -5.000 4.168 -30.562 -5.000 4.168 -29.291 -8.462 5.418
3 16 -31.495 -8.462 5.685 -29.291 -8.462 5.418 -30.562 -5.000 4.168
3 16 -31.495 -8.462 5.685 -33.204 -5.000 5.165 -33.322 -8.462 6.939
3 16 -31.944 -5.000 4.507 -33.204 -5.000 5.165 -31.495 -8.462 5.685
3 16 -33.322 -8.462 6.939 -35.079 -5.000 7.270 -34.354 -8.462 8.895
3 16 -34.270 -5.000 6.104 -35.079 -5.000 7.270 -33.322 -8.462 6.939
3 16 -35.583 -5.000 8.594 -35.755 -5.000 10.000 -34.354 -8.462 8.895
3 16 -34.354 -8.462 11.105 -34.354 -8.462 8.895 -35.755 -5.000 10.000
3 16 -35.583 -5.000 11.406 -35.079 -5.000 12.730 -34.354 -8.462 11.105
3 16 -33.322 -8.462 13.061 -34.354 -8.462 11.105 -35.079 -5.000 12.730
3 16 -34.270 -5.000 13.896 -33.204 -5.000 14.835 -33.322 -8.462 13.061
3 16 -31.495 -8.462 14.315 -33.322 -8.462 13.061 -33.204 -5.000 14.835
3 16 -31.944 -5.000 15.493 -30.562 -5.000 15.832 -31.495 -8.462 14.315
3 16 -29.291 -8.462 14.582 -31.495 -8.462 14.315 -30.562 -5.000 15.832
3 16 -29.138 -5.000 15.832 -27.756 -5.000 15.493 -29.291 -8.462 14.582
3 16 -27.215 -8.462 13.798 -29.291 -8.462 14.582 -27.756 -5.000 15.493
3 16 -26.496 -5.000 14.835 -25.430 -5.000 13.896 -27.215 -8.462 13.798
3 16 -25.743 -8.462 12.145 -27.215 -8.462 13.798 -25.430 -5.000 13.896
3 16 -24.622 -5.000 12.730 -24.117 -5.000 11.406 -25.743 -8.462 12.145
3 16 -25.211 -8.462 10.000 -25.743 -8.462 12.145 -24.117 -5.000 11.406
3 16 -23.945 -5.000 10.000 -25.211 -8.462 10.000 -24.117 -5.000 11.406
3 16 -24.622 -5.000 12.730 -25.743 -8.462 12.145 -25.430 -5.000 13.896
3 16 -26.496 -5.000 14.835 -27.215 -8.462 13.798 -27.756 -5.000 15.493
3 16 -29.138 -5.000 15.832 -29.291 -8.462 14.582 -30.562 -5.000 15.832
3 16 -31.944 -5.000 15.493 -31.495 -8.462 14.315 -33.204 -5.000 14.835
3 16 -34.270 -5.000 13.896 -33.322 -8.462 13.061 -35.079 -5.000 12.730
3 16 -35.583 -5.000 11.406 -34.354 -8.462 11.105 -35.755 -5.000 10.000
3 16 -35.583 -5.000 8.594 -34.354 -8.462 8.895 -35.079 -5.000 7.270
3 16 -34.270 -5.000 6.104 -33.322 -8.462 6.939 -33.204 -5.000 5.165
3 16 -31.944 -5.000 4.507 -31.495 -8.462 5.685 -30.562 -5.000 4.168
3 16 -29.138 -5.000 4.168 -29.291 -8.462 5.418 -27.756 -5.000 4.507
3 16 -26.496 -5.000 5.165 -27.215 -8.462 6.202 -25.430 -5.000 6.104
3 16 -24.622 -5.000 7.270 -25.743 -8.462 7.855 -24.117 -5.000 8.594
3 16 -35.755 -5.000 10.000 -35.583 -5.000 8.594 -34.489 -1.538 10.000
3 16 -33.957 -1.538 7.855 -34.489 -1.538 10.000 -35.583 -5.000 8.594
3 16 -35.079 -5.000 7.270 -34.270 -5.000 6.104 -33.957 -1.538 7.855
3 16 -32.485 -1.538 6.202 -33.957 -1.538 7.855 -34.270 -5.000 6.104
3 16 -33.204 -5.000 5.165 -31.944 -5.000 4.507 -32.485 -1.538 6.202
3 16 -30.409 -1.538 5.418 -32.485 -1.538 6.202 -31.944 -5.000 4.507
3 16 -30.562 -5.000 4.168 -29.138 -5.000 4.168 -30.409 -1.538 5.418
3 16 -28.205 -1.538 5.685 -30.409 -1.538 5.418 -29.138 -5.000 4.168
3 16 -28.205 -1.538 5.685 -26.496 -5.000 5.165 -26.378 -1.538 6.939
3 16 -27.756 -5.000 4.507 -26.496 -5.000 5.165 -28.205 -1.538 5.685
3 16 -26.378 -1.538 6.939 -24.622 -5.000 7.270 -25.346 -1.538 8.895
3 16 -25.430 -5.000 6.104 -24.622 -5.000 7.270 -26.378 -1.538 6.939
3 16 -25.211 -1.538 10.000 -25.346 -1.538 8.895 -23.945 -5.000 10.000
3 16 -24.117 -5.000 11.406 -25.346 -1.538 11.105 -23.945 -5.000 10.000
3 16 -25.211 -1.538 10.000 -23.945 -5.000 10.000 -25.346 -1.538 11.105
3 16 -24.117 -5.000 11.406 -24.622 -5.000 12.730 -25.346 -1.538 11.105
3 16 -26.378 -1.538 13.061 -25.346 -1.538 11.105 -24.622 -5.000 12.730
3 16 -25.430 -5.000 13.896 -26.496 -5.000 14.835 -26.378 -1.538 13.061
3 16 -28.205 -1.538 14.315 -26.378 -1.538 13.061 -26.496 -5.000 14.835
3 16 -27.756 -5.000 15.493 -29.138 -5.000 15.832 -28.205 -1.538 14.315
3 16 -30.409 -1.538 14.582 -28.205 -1.538 14.315 -29.138 -5.000 15.832
3 16 -30.562 -5.000 15.832 -31.944 -5.000 15.493 -30.409 -1.538 14.582
3 16 -32.485 -1.538 13.798 -30.409 -1.538 14.582 -31.944 -5.000 15.493
3 16 -33.204 -5.000 14.835 -34.270 -5.000 13.896 -32.485 -1.538 13.798
3 16 -33.957 -1.538 12.145 -32.485 -1.538 13.798 -34.270 -5.000 13.896
3 16 -35.079 -5.000 12.730 -35.583 -5.000 11.406 -33.957 -1.538 12.145
3 16 -34.489 -1.538 10.000 -33.957 -1.538 12.145 -35.583 -5.000 11.406
3 16 -35.755 -5.000 10.000 -34.489 -1.538 10.000 -35.583 -5.000 11.406
3 16 -35.079 -5.000 12.730 -33.957 -1.538 12.145 -34.270 -5.000 13.896
3 16 -33.204 -5.000 14.835 -32.485 -1.538 13.798 -31.944 -5.000 15.493
3 16 -30.562 -5.000 15.832 -30.409 -1.538 14.582 -29.138 -5.000 15.832
3 16 -27.756 -5.000 15.493 -28.205 -1.538 14.315 -26.496 -5.000 14.835
3 16 -25.430 -5.000 13.896 -26.378 -1.538 13.061 -24.622 -5.000 12.730
3 16 -24.117 -5.000 8.594 -23.945 -5.000 10.000 -25.346 -1.538 8.895
3 16 -24.117 -5.000 8.594 -25.346 -1.538 8.895 -24.622 -5.000 7.270
3 16 -25.430 -5.000 6.104 -26.378 -1.538 6.939 -26.496 -5.000 5.165
3 16 -27.756 -5.000 4.507 -28.205 -1.538 5.685 -29.138 -5.000 4.168
3 16 -30.562 -5.000 4.168 -30.409 -1.538 5.418 -31.944 -5.000 4.507
3 16 -33.204 -5.000 5.165 -32.485 -1.538 6.202 -34.270 -5.000 6.104
3 16 -35.079 -5.000 7.270 -33.957 -1.538 7.855 -35.583 -5.000 8.594
3 16 -25.346 -1.538 11.105 -26.378 -1.538 13.061 -29.850 -1.538 10.000
3 16 -28.205 -1.538 14.315 -29.850 -1.538 10.000 -26.378 -1.538 13.061
3 16 -30.409 -1.538 14.582 -29.850 -1.538 10.000 -28.205 -1.538 14.315
3 16 -32.485 -1.538 13.798 -29.850 -1.538 10.000 -30.409 -1.538 14.582
3 16 -33.957 -1.538 12.145 -29.850 -1.538 10.000 -32.485 -1.538 13.798
3 16 -34.489 -1.538 10.000 -29.850 -1.538 10.000 -33.957 -1.538 12.145
3 16 -33.957 -1.538 7.855 -29.850 -1.538 10.000 -34.489 -1.538 10.000
3 16 -32.485 -1.538 6.202 -29.850 -1.538 10.000 -33.957 -1.538 7.855
3 16 -30.409 -1.538 5.418 -29.850 -1.538 10.000 -32.485 -1.538 6.202
3 16 -28.205 -1.538 5.685 -29.850 -1.538 10.000 -30.409 -1.538 5.418
3 16 -26.378 -1.538 6.939 -29.850 -1.538 10.000 -28.205 -1.538 5.685
3 16 -25.346 -1.538 8.895 -29.850 -1.538 10.000 -26.378 -1.538 6.939
3 16 -25.211 -1.538 10.000 -29.850 -1.538 10.000 -25.346 -1.538 8.895
3 16 -25.346 -1.538 11.105 -29.850 -1.538 10.000 -25.211 -1.538 10.000
3 16 -47.795 -8.846 5.913 -49.392 -8.846 5.418 -47.256 -10.000 4.892
3 16 -49.951 -10.000 4.231 -47.256 -10.000 4.892 -49.392 -8.846 5.418
3 16 -46.133 -8.846 7.378 -47.316 -8.846 6.202 -45.179 -10.000 6.723
3 16 -47.256 -10.000 4.892 -45.179 -10.000 6.723 -47.316 -8.846 6.202
3 16 -45.346 -8.846 9.444 -45.844 -8.846 7.855 -44.195 -10.000 9.305
3 16 -45.179 -10.000 6.723 -44.195 -10.000 9.305 -45.844 -8.846 7.855
3 16 -45.614 -8.846 11.637 -45.312 -8.846 10.000 -44.529 -10.000 12.046
3 16 -44.195 -10.000 9.305 -44.529 -10.000 12.046 -45.312 -8.846 10.000
3 16 -46.875 -8.846 13.455 -45.844 -8.846 12.145 -46.106 -10.000 14.318
3 16 -44.529 -10.000 12.046 -46.106 -10.000 14.318 -45.844 -8.846 12.145
3 16 -48.841 -8.846 14.481 -47.316 -8.846 13.798 -48.563 -10.000 15.602
3 16 -46.106 -10.000 14.318 -48.563 -10.000 15.602 -47.316 -8.846 13.798
3 16 -49.951 -10.000 15.769 -49.392 -8.846 14.582 -48.563 -10.000 15.602
3 16 -49.951 -8.846 14.615 -49.392 -8.846 14.582 -49.951 -10.000 15.769
3 16 -51.061 -8.846 14.481 -49.951 -8.846 14.615 -51.338 -10.000 15.602
3 16 -49.951 -10.000 15.769 -51.338 -10.000 15.602 -49.951 -8.846 14.615
3 16 -53.027 -8.846 13.455 -51.596 -8.846 14.315 -53.796 -10.000 14.318
3 16 -51.338 -10.000 15.602 -53.796 -10.000 14.318 -51.596 -8.846 14.315
3 16 -54.288 -8.846 11.637 -53.423 -8.846 13.061 -55.372 -10.000 12.046
3 16 -53.796 -10.000 14.318 -55.372 -10.000 12.046 -53.423 -8.846 13.061
3 16 -54.556 -8.846 9.444 -54.455 -8.846 11.105 -55.707 -10.000 9.305
3 16 -55.372 -10.000 12.046 -55.707 -10.000 9.305 -54.455 -8.846 11.105
3 16 -53.768 -8.846 7.378 -54.455 -8.846 8.895 -54.723 -10.000 6.723
3 16 -55.707 -10.000 9.305 -54.723 -10.000 6.723 -54.455 -8.846 8.895
3 16 -52.107 -8.846 5.913 -53.423 -8.846 6.939 -52.645 -10.000 4.892
3 16 -54.723 -10.000 6.723 -52.645 -10.000 4.892 -53.423 -8.846 6.939
3 16 -49.951 -8.846 5.385 -51.596 -8.846 5.685 -49.951 -10.000 4.231
3 16 -52.645 -10.000 4.892 -49.951 -10.000 4.231 -51.596 -8.846 5.685
3 16 -52.107 -8.846 5.913 -52.645 -10.000 4.892 -51.596 -8.846 5.685
3 16 -53.768 -8.846 7.378 -54.723 -10.000 6.723 -53.423 -8.846 6.939
3 16 -54.556 -8.846 9.444 -55.707 -10.000 9.305 -54.455 -8.846 8.895
3 16 -54.288 -8.846 11.637 -55.372 -10.000 12.046 -54.455 -8.846 11.105
3 16 -53.027 -8.846 13.455 -53.796 -10.000 14.318 -53.423 -8.846 13.061
3 16 -51.061 -8.846 14.481 -51.338 -10.000 15.602 -51.596 -8.846 14.315
3 16 -48.841 -8.846 14.481 -48.563 -10.000 15.602 -49.392 -8.846 14.582
3 16 -46.875 -8.846 13.455 -46.106 -10.000 14.318 -47.316 -8.846 13.798
3 16 -45.614 -8.846 11.637 -44.529 -10.000 12.046 -45.844 -8.846 12.145
3 16 -45.346 -8.846 9.444 -44.195 -10.000 9.305 -45.312 -8.846 10.000
3 16 -46.133 -8.846 7.378 -45.179 -10.000 6.723 -45.844 -8.846 7.855
3 16 -47.795 -8.846 5.913 -47.256 -10.000 4.892 -47.316 -8.846 6.202
3 16 -49.951 -8.846 5.385 -49.951 -10.000 4.231 -49.392 -8.846 5.418
3 16 -45.312 -8.846 10.000 -45.614 -8.846 11.637 -45.312 -8.462 10.000
3 16 -45.844 -8.462 12.145 -45.312 -8.462 10.000 -45.614 -8.846 11.637
3 16 -45.844 -8.846 12.145 -46.875 -8.846 13.455 -45.844 -8.462 12.145
3 16 -47.316 -8.462 13.798 -45.844 -8.462 12.145 -46.875 -8.846 13.455
3 16 -47.316 -8.846 13.798 -48.841 -8.846 14.481 -47.316 -8.462 13.798
3 16 -49.392 -8.462 14.582 -47.316 -8.462 13.798 -48.841 -8.846 14.481
3 16 -49.951 -8.846 14.615 -51.061 -8.846 14.481 -49.392 -8.462 14.582
3 16 -51.596 -8.462 14.315 -49.392 -8.462 14.582 -51.061 -8.846 14.481
3 16 -49.392 -8.846 14.582 -49.951 -8.846 14.615 -49.392 -8.462 14.582
3 16 -51.596 -8.846 14.315 -53.027 -8.846 13.455 -51.596 -8.462 14.315
3 16 -53.423 -8.462 13.061 -51.596 -8.462 14.315 -53.027 -8.846 13.455
3 16 -53.423 -8.846 13.061 -54.288 -8.846 11.637 -53.423 -8.462 13.061
3 16 -54.455 -8.462 11.105 -53.423 -8.462 13.061 -54.288 -8.846 11.637
3 16 -54.455 -8.846 11.105 -54.556 -8.846 9.444 -54.455 -8.462 11.105
3 16 -54.455 -8.462 8.895 -54.455 -8.462 11.105 -54.556 -8.846 9.444
3 16 -54.455 -8.846 8.895 -53.768 -8.846 7.378 -54.455 -8.462 8.895
3 16 -53.423 -8.462 6.939 -54.455 -8.462 8.895 -53.768 -8.846 7.378
3 16 -53.423 -8.846 6.939 -52.107 -8.846 5.913 -53.423 -8.462 6.939
3 16 -51.596 -8.462 5.685 -53.423 -8.462 6.939 -52.107 -8.846 5.913
3 16 -51.596 -8.846 5.685 -49.951 -8.846 5.385 -51.596 -8.462 5.685
3 16 -49.392 -8.462 5.418 -51.596 -8.462 5.685 -49.951 -8.846 5.385
3 16 -49.392 -8.846 5.418 -47.795 -8.846 5.913 -49.392 -8.462 5.418
3 16 -47.316 -8.462 6.202 -49.392 -8.462 5.418 -47.795 -8.846 5.913
3 16 -47.316 -8.846 6.202 -46.133 -8.846 7.378 -47.316 -8.462 6.202
3 16 -45.844 -8.462 7.855 -47.316 -8.462 6.202 -46.133 -8.846 7.378
3 16 -45.844 -8.846 7.855 -45.346 -8.846 9.444 -45.844 -8.462 7.855
3 16 -45.312 -8.462 10.000 -45.844 -8.462 7.855 -45.346 -8.846 9.444
3 16 -45.312 -8.846 10.000 -45.312 -8.462 10.000 -45.346 -8.846 9.444
3 16 -45.844 -8.846 7.855 -45.844 -8.462 7.855 -46.133 -8.846 7.378
3 16 -47.316 -8.846 6.202 -47.316 -8.462 6.202 -47.795 -8.846 5.913
3 16 -49.392 -8.846 5.418 -49.392 -8.462 5.418 -49.951 -8.846 5.385
3 16 -51.596 -8.846 5.685 -51.596 -8.462 5.685 -52.107 -8.846 5.913
3 16 -53.423 -8.846 6.939 -53.423 -8.462 6.939 -53.768 -8.846 7.378
3 16 -54.455 -8.846 8.895 -54.455 -8.462 8.895 -54.556 -8.846 9.444
3 16 -54.455 -8.846 11.105 -54.455 -8.462 11.105 -54.288 -8.846 11.637
3 16 -53.423 -8.846 13.061 -53.423 -8.462 13.061 -53.027 -8.846 13.455
3 16 -51.596 -8.846 14.315 -51.596 -8.462 14.315 -51.061 -8.846 14.481
3 16 -49.392 -8.846 14.582 -49.392 -8.462 14.582 -48.841 -8.846 14.481
3 16 -47.316 -8.846 13.798 -47.316 -8.462 13.798 -46.875 -8.846 13.455
3 16 -45.844 -8.846 12.145 -45.844 -8.462 12.145 -45.614 -8.846 11.637
3 16 -44.046 -5.000 10.000 -44.218 -5.000 8.594 -45.312 -8.462 10.000
3 16 -45.844 -8.462 7.855 -45.312 -8.462 10.000 -44.218 -5.000 8.594
3 16 -44.722 -5.000 7.270 -45.531 -5.000 6.104 -45.844 -8.462 7.855
3 16 -47.316 -8.462 6.202 -45.844 -8.462 7.855 -45.531 -5.000 6.104
3 16 -46.596 -5.000 5.165 -47.857 -5.000 4.507 -47.316 -8.462 6.202
3 16 -49.392 -8.462 5.418 -47.316 -8.462 6.202 -47.857 -5.000 4.507
3 16 -49.239 -5.000 4.168 -50.663 -5.000 4.168 -49.392 -8.462 5.418
3 16 -51.596 -8.462 5.685 -49.392 -8.462 5.418 -50.663 -5.000 4.168
3 16 -52.045 -5.000 4.507 -53.305 -5.000 5.165 -51.596 -8.462 5.685
3 16 -53.423 -8.462 6.939 -51.596 -8.462 5.685 -53.305 -5.000 5.165
3 16 -54.371 -5.000 6.104 -55.179 -5.000 7.270 -53.423 -8.462 6.939
3 16 -54.455 -8.462 8.895 -53.423 -8.462 6.939 -55.179 -5.000 7.270
3 16 -55.684 -5.000 8.594 -55.856 -5.000 10.000 -54.455 -8.462 8.895
3 16 -54.455 -8.462 11.105 -54.455 -8.462 8.895 -55.856 -5.000 10.000
3 16 -55.684 -5.000 11.406 -55.179 -5.000 12.730 -54.455 -8.462 11.105
3 16 -53.423 -8.462 13.061 -54.455 -8.462 11.105 -55.179 -5.000 12.730
3 16 -54.371 -5.000 13.896 -53.305 -5.000 14.835 -53.423 -8.462 13.061
3 16 -51.596 -8.462 14.315 -53.423 -8.462 13.061 -53.305 -5.000 14.835
3 16 -52.045 -5.000 15.493 -50.663 -5.000 15.832 -51.596 -8.462 14.315
3 16 -49.392 -8.462 14.582 -51.596 -8.462 14.315 -50.663 -5.000 15.832
3 16 -49.239 -5.000 15.832 -47.857 -5.000 15.493 -49.392 -8.462 14.582
3 16 -47.316 -8.462 13.798 -49.392 -8.462 14.582 -47.857 -5.000 15.493
3 16 -46.596 -5.000 14.835 -45.531 -5.000 13.896 -47.316 -8.462 13.798
3 16 -45.844 -8.462 12.145 -47.316 -8.462 13.798 -45.531 -5.000 13.896
3 16 -44.722 -5.000 12.730 -44.218 -5.000 11.406 -45.844 -8.462 12.145
3 16 -45.312 -8.462 10.000 -45.844 -8.462 12.145 -44.218 -5.000 11.406
3 16 -44.046 -5.000 10.000 -45.312 -8.462 10.000 -44.218 -5.000 11.406
3 16 -44.722 -5.000 12.730 -45.844 -8.462 12.145 -45.531 -5.000 13.896
3 16 -46.596 -5.000 14.835 -47.316 -8.462 13.798 -47.857 -5.000 15.493
3 16 -49.239 -5.000 15.832 -49.392 -8.462 14.582 -50.663 -5.000 15.832
3 16 -52.045 -5.000 15.493 -51.596 -8.462 14.315 -53.305 -5.000 14.835
3 16 -54.371 -5.000 13.896 -53.423 -8.462 13.061 -55.179 -5.000 12.730
3 16 -55.684 -5.000 11.406 -54.455 -8.462 11.105 -55.856 -5.000 10.000
3 16 -55.684 -5.000 8.594 -54.455 -8.462 8.895 -55.179 -5.000 7.270
3 16 -54.371 -5.000 6.104 -53.423 -8.462 6.939 -53.305 -5.000 5.165
3 16 -52.045 -5.000 4.507 -51.596 -8.462 5.685 -50.663 -5.000 4.168
3 16 -49.239 -5.000 4.168 -49.392 -8.462 5.418 -47.857 -5.000 4.507
3 16 -46.596 -5.000 5.165 -47.316 -8.462 6.202 -45.531 -5.000 6.104
3 16 -44.722 -5.000 7.270 -45.844 -8.462 7.855 -44.218 -5.000 8.594
3 16 -55.856 -5.000 10.000 -55.684 -5.000 8.594 -54.590 -1.538 10.000
3 16 -54.058 -1.538 7.855 -54.590 -1.538 10.000 -55.684 -5.000 8.594
3 16 -55.179 -5.000 7.270 -54.371 -5.000 6.104 -54.058 -1.538 7.855
3 16 -52.586 -1.538 6.202 -54.058 -1.538 7.855 -54.371 -5.000 6.104
3 16 -53.305 -5.000 5.165 -52.045 -5.000 4.507 -52.586 -1.538 6.202
3 16 -50.510 -1.538 5.418 -52.586 -1.538 6.202 -52.045 -5.000 4.507
3 16 -50.663 -5.000 4.168 -49.239 -5.000 4.168 -50.510 -1.538 5.418
3 16 -48.306 -1.538 5.685 -50.510 -1.538 5.418 -49.239 -5.000 4.168
3 16 -47.857 -5.000 4.507 -46.596 -5.000 5.165 -48.306 -1.538 5.685
3 16 -46.479 -1.538 6.939 -48.306 -1.538 5.685 -46.596 -5.000 5.165
3 16 -45.531 -5.000 6.104 -44.722 -5.000 7.270 -46.479 -1.538 6.939
3 16 -45.447 -1.538 8.895 -46.479 -1.538 6.939 -44.722 -5.000 7.270
3 16 -45.312 -1.538 10.000 -45.447 -1.538 8.895 -44.046 -5.000 10.000
3 16 -44.218 -5.000 11.406 -45.447 -1.538 11.105 -44.046 -5.000 10.000
3 16 -45.312 -1.538 10.000 -44.046 -5.000 10.000 -45.447 -1.538 11.105
3 16 -44.218 -5.000 11.406 -44.722 -5.000 12.730 -45.447 -1.538 11.105
3 16 -46.479 -1.538 13.061 -45.447 -1.538 11.105 -44.722 -5.000 12.730
3 16 -45.531 -5.000 13.896 -46.596 -5.000 14.835 -46.479 -1.538 13.061
3 16 -48.306 -1.538 14.315 -46.479 -1.538 13.061 -46.596 -5.000 14.835
3 16 -47.857 -5.000 15.493 -49.239 -5.000 15.832 -48.306 -1.538 14.315
3 16 -50.510 -1.538 14.582 -48.306 -1.538 14.315 -49.239 -5.000 15.832
3 16 -50.663 -5.000 15.832 -52.045 -5.000 15.493 -50.510 -1.538 14.582
3 16 -52.586 -1.538 13.798 -50.510 -1.538 14.582 -52.045 -5.000 15.493
3 16 -53.305 -5.000 14.835 -54.371 -5.000 13.896 -52.586 -1.538 13.798
3 16 -54.058 -1.538 12.145 -52.586 -1.538 13.798 -54.371 -5.000 13.896
3 16 -55.179 -5.000 12.730 -55.684 -5.000 11.406 -54.058 -1.538 12.145
3 16 -54.590 -1.538 10.000 -54.058 -1.538 12.145 -55.684 -5.000 11.406
3 16 -55.856 -5.000 10.000 -54.590 -1.538 10.000 -55.684 -5.000 11.406
3 16 -55.179 -5.000 12.730 -54.058 -1.538 12.145 -54.371 -5.000 13.896
3 16 -53.305 -5.000 14.835 -52.586 -1.538 13.798 -52.045 -5.000 15.493
3 16 -50.663 -5.000 15.832 -50.510 -1.538 14.582 -49.239 -5.000 15.832
3 16 -47.857 -5.000 15.493 -48.306 -1.538 14.315 -46.596 -5.000 14.835
3 16 -45.531 -5.000 13.896 -46.479 -1.538 13.061 -44.722 -5.000 12.730
3 16 -44.218 -5.000 8.594 -44.046 -5.000 10.000 -45.447 -1.538 8.895
3 16 -44.218 -5.000 8.594 -45.447 -1.538 8.895 -44.722 -5.000 7.270
3 16 -45.531 -5.000 6.104 -46.479 -1.538 6.939 -46.596 -5.000 5.165
3 16 -47.857 -5.000 4.507 -48.306 -1.538 5.685 -49.239 -5.000 4.168
3 16 -50.663 -5.000 4.168 -50.510 -1.538 5.418 -52.045 -5.000 4.507
3 16 -53.305 -5.000 5.165 -52.586 -1.538 6.202 -54.371 -5.000 6.104
3 16 -55.179 -5.000 7.270 -54.058 -1.538 7.855 -55.684 -5.000 8.594
3 16 -45.447 -1.538 11.105 -46.479 -1.538 13.061 -49.951 -1.538 10.000
3 16 -48.306 -1.538 14.315 -49.951 -1.538 10.000 -46.479 -1.538 13.061
3 16 -50.510 -1.538 14.582 -49.951 -1.538 10.000 -48.306 -1.538 14.315
3 16 -52.586 -1.538 13.798 -49.951 -1.538 10.000 -50.510 -1.538 14.582
3 16 -54.058 -1.538 12.145 -49.951 -1.538 10.000 -52.586 -1.538 13.798
3 16 -54.590 -1.538 10.000 -49.951 -1.538 10.000 -54.058 -1.538 12.145
3 16 -54.058 -1.538 7.855 -49.951 -1.538 10.000 -54.590 -1.538 10.000
3 16 -52.586 -1.538 6.202 -49.951 -1.538 10.000 -54.058 -1.538 7.855
3 16 -50.510 -1.538 5.418 -49.951 -1.538 10.000 -52.586 -1.538 6.202
3 16 -48.306 -1.538 5.685 -49.951 -1.538 10.000 -50.510 -1.538 5.418
3 16 -46.479 -1.538 6.939 -49.951 -1.538 10.000 -48.306 -1.538 5.685
3 16 -45.447 -1.538 8.895 -49.951 -1.538 10.000 -46.479 -1.538 6.939
3 16 -45.312 -1.538 10.000 -49.951 -1.538 10.000 -45.447 -1.538 8.895
3 16 -45.447 -1.538 11.105 -49.951 -1.538 10.000 -45.312 -1.538 10.000
2 24 28.807 -8.846 14.315 29.342 -8.846 14.481
2 24 34.956 -1.538 11.105 33.924 -1.538 13.061
2 24 -55.995 0.000 14.796 -53.305 0.000 16.931
2 24 -8.104 -1.538 14.315 -10.308 -1.538 14.582
2 24 -30.409 -1.538 5.418 -32.485 -1.538 6.202
2 24 33.924 -1.538 13.061 32.097 -1.538 14.315
2 24 32.097 -1.538 14.315 29.893 -1.538 14.582
2 24 -11.394 -8.846 5.685 -11.905 -8.846 5.913
2 24 27.817 -1.538 13.798 29.893 -1.538 14.582
2 24 4.930 -10.000 12.046 6.507 -10.000 14.318
2 24 26.345 -1.538 12.145 27.817 -1.538 13.798
2 24 -45.346 -8.846 9.444 -45.312 -8.846 10.000
2 24 -48.306 -1.538 5.685 -46.479 -1.538 6.939
2 24 33.924 -1.538 6.939 34.956 -1.538 8.895
2 24 -48.563 -10.000 15.602 -49.951 -10.000 15.769
2 24 -49.951 -8.846 14.615 -49.392 -8.846 14.582
2 24 25.814 -1.538 10.000 26.345 -1.538 12.145
2 24 -45.179 -10.000 6.723 -44.195 -10.000 9.305
2 24 -57.488 -10.000 8.288 -57.488 -10.000 11.712
2 24 26.345 -1.538 7.855 25.814 -1.538 10.000
2 24 33.528 -8.846 13.455 33.087 -8.846 13.798
2 24 35.091 -1.538 10.000 34.956 -1.538 11.105
2 24 34.270 -8.846 7.378 34.560 -8.846 7.855
2 24 8.964 -10.000 15.602 10.352 -10.000 15.769
2 24 9.792 -1.538 5.418 11.996 -1.538 5.685
2 24 -14.253 -8.846 11.105 -14.086 -8.846 11.637
2 24 -6.277 -1.538 6.939 -5.245 -1.538 8.895
2 24 -29.850 -8.846 5.385 -29.291 -8.846 5.418
2 24 -54.058 -1.538 7.855 -54.590 -1.538 10.000
2 24 27.817 -1.538 6.202 26.345 -1.538 7.855
2 24 -5.412 -8.846 11.637 -5.642 -8.846 12.145
2 24 29.893 -1.538 5.418 27.817 -1.538 6.202
2 24 28.807 -8.846 5.685 28.297 -8.846 5.913
2 24 29.893 -1.538 5.418 32.097 -1.538 5.685
2 24 -44.195 -10.000 9.305 -44.529 -10.000 12.046
2 24 10.352 -8.846 5.385 10.911 -8.846 5.418
2 24 -34.489 -1.538 10.000 -33.957 -1.538 12.145
2 24 -51.596 -8.846 14.315 -51.061 -8.846 14.481
2 24 32.097 -1.538 5.685 33.924 -1.538 6.939
2 24 -35.272 -10.000 12.046 -33.695 -10.000 14.318
2 24 -47.256 -10.000 4.892 -45.179 -10.000 6.723
2 24 -25.346 -1.538 11.105 -26.378 -1.538 13.061
2 24 8.707 -8.846 5.685 8.196 -8.846 5.913
2 24 34.956 -1.538 8.895 35.091 -1.538 10.000
2 24 16.108 -10.000 9.305 15.773 -10.000 12.046
2 24 -6.277 -1.538 13.061 -8.104 -1.538 14.315
2 24 33.807 0.000 16.931 30.452 0.000 17.692
2 24 -5.144 -8.846 9.444 -5.111 -8.846 10.000
2 24 -25.211 -1.538 10.000 -25.346 -1.538 11.105
2 24 25.680 -10.000 6.723 24.696 -10.000 9.305
2 24 35.057 -8.846 9.444 35.091 -8.846 10.000
2 24 7.657 -10.000 4.892 5.580 -10.000 6.723
2 24 -4.328 -10.000 12.046 -5.904 -10.000 14.318
2 24 37.990 -10.000 11.712 36.497 -10.000 14.796
2 24 6.879 -8.846 6.939 6.534 -8.846 7.378
2 24 33.807 -10.000 16.931 30.452 -10.000 17.692
2 24 -14.521 -10.000 6.723 -15.505 -10.000 9.305
2 24 33.147 -10.000 4.892 35.224 -10.000 6.723
2 24 26.607 -10.000 14.318 29.065 -10.000 15.602
2 24 -55.372 -10.000 12.046 -53.796 -10.000 14.318
2 24 12.507 -8.846 5.913 12.987 -8.846 6.202
2 24 34.297 -10.000 14.318 31.840 -10.000 15.602
2 24 29.065 -10.000 15.602 30.452 -10.000 15.769
2 24 -32.485 -1.538 13.798 -30.409 -1.538 14.582
2 24 37.990 0.000 11.712 36.497 0.000 14.796
2 24 36.497 -10.000 14.796 33.807 -10.000 16.931
2 24 -26.378 -1.538 13.061 -28.205 -1.538 14.315
2 24 36.497 0.000 14.796 33.807 0.000 16.931
2 24 -26.774 -8.846 13.455 -27.215 -8.846 13.798
2 24 -8.362 -10.000 15.602 -9.749 -10.000 15.769
2 24 -45.447 -1.538 11.105 -46.479 -1.538 13.061
2 24 6.244 -1.538 7.855 5.713 -1.538 10.000
2 24 -13.221 -8.846 6.939 -13.567 -8.846 7.378
2 24 -55.995 -10.000 5.204 -57.488 -10.000 8.288
2 24 -35.606 -10.000 9.305 -35.272 -10.000 12.046
2 24 -54.723 -10.000 6.723 -55.707 -10.000 9.305
2 24 14.169 -8.846 7.378 14.459 -8.846 7.855
2 24 -45.447 -1.538 8.895 -45.312 -1.538 10.000
2 24 26.980 -8.846 13.061 27.376 -8.846 13.455
2 24 30.452 -10.000 4.231 33.147 -10.000 4.892
2 24 30.452 -10.000 2.308 33.807 -10.000 3.069
2 24 6.879 -8.846 13.061 7.276 -8.846 13.455
2 24 -13.221 -8.846 13.061 -12.825 -8.846 13.455
2 24 -33.322 -8.846 13.061 -32.926 -8.846 13.455
2 24 -53.423 -8.846 13.061 -53.027 -8.846 13.455
2 24 -9.749 -10.000 4.231 -12.444 -10.000 4.892
2 24 -9.749 -8.846 14.615 -9.190 -8.846 14.582
2 24 -48.841 -8.846 14.481 -49.392 -8.846 14.582
2 24 -8.104 -1.538 5.685 -6.277 -1.538 6.939
2 24 -26.033 -8.846 7.378 -25.743 -8.846 7.855
2 24 -47.795 -8.846 5.913 -47.316 -8.846 6.202
2 24 31.562 -8.846 14.481 31.011 -8.846 14.582
2 24 26.980 -8.846 6.939 26.635 -8.846 7.378
2 24 15.773 -10.000 12.046 14.197 -10.000 14.318
2 24 -6.673 -8.846 13.455 -7.114 -8.846 13.798
2 24 -46.479 -1.538 13.061 -48.306 -1.538 14.315
2 24 -53.305 0.000 3.069 -55.995 0.000 5.204
2 24 -29.850 -8.846 14.615 -29.291 -8.846 14.582
2 24 -52.586 -1.538 6.202 -54.058 -1.538 7.855
2 24 25.948 -8.846 8.895 25.848 -8.846 9.444
2 24 13.428 -8.846 13.455 12.987 -8.846 13.798
2 24 -31.238 -10.000 15.602 -29.850 -10.000 15.769
2 24 -49.951 -2.308 0.000 30.452 -2.308 0.000
2 24 -30.409 -1.538 5.418 -28.205 -1.538 5.685
2 24 35.874 -10.000 12.046 34.297 -10.000 14.318
2 24 24.696 -10.000 9.305 25.031 -10.000 12.046
2 24 14.855 -1.538 8.895 14.990 -1.538 10.000
2 24 -13.857 -1.538 7.855 -14.388 -1.538 10.000
2 24 -49.951 -10.000 2.308 30.452 -10.000 2.308
2 24 -49.951 -7.692 0.000 30.452 -7.692 0.000
2 24 -9.749 -8.846 5.385 -9.190 -8.846 5.418
2 24 -14.253 -8.846 8.895 -14.354 -8.846 9.444
2 24 -25.513 -8.846 11.637 -25.743 -8.846 12.145
2 24 14.990 -1.538 10.000 14.855 -1.538 11.105
2 24 25.031 -10.000 12.046 26.607 -10.000 14.318
2 24 -25.078 -10.000 6.723 -24.094 -10.000 9.305
2 24 7.716 -1.538 13.798 9.792 -1.538 14.582
2 24 -11.394 -8.846 14.315 -10.859 -8.846 14.481
2 24 -54.455 -8.846 8.895 -54.556 -8.846 9.444
2 24 -55.995 0.000 5.204 -57.488 0.000 8.288
2 24 -45.312 -1.538 10.000 -45.447 -1.538 11.105
2 24 30.452 -8.846 14.615 31.011 -8.846 14.582
2 24 -24.094 -10.000 9.305 -24.429 -10.000 12.046
2 24 -13.857 -1.538 12.145 -12.384 -1.538 13.798
2 24 8.707 -8.846 14.315 9.241 -8.846 14.481
2 24 -28.205 -1.538 5.685 -26.378 -1.538 6.939
2 24 37.990 -10.000 8.288 37.990 -10.000 11.712
2 24 -5.904 -10.000 14.318 -8.362 -10.000 15.602
2 24 14.855 -1.538 11.105 13.824 -1.538 13.061
2 24 -12.444 -10.000 4.892 -14.521 -10.000 6.723
2 24 14.956 -8.846 9.444 14.990 -8.846 10.000
2 24 9.792 -1.538 5.418 7.716 -1.538 6.202
2 24 11.739 -10.000 15.602 10.352 -10.000 15.769
2 24 10.352 -10.000 4.231 7.657 -10.000 4.892
2 24 -33.695 -10.000 14.318 -31.238 -10.000 15.602
2 24 -46.479 -1.538 6.939 -45.447 -1.538 8.895
2 24 -54.058 -1.538 12.145 -52.586 -1.538 13.798
2 24 -49.951 -10.000 2.308 -53.305 -10.000 3.069
2 24 -7.594 -8.846 5.913 -7.114 -8.846 6.202
2 24 -4.977 -10.000 6.723 -3.993 -10.000 9.305
2 24 -49.951 -8.846 5.385 -49.392 -8.846 5.418
2 24 32.608 -8.846 5.913 33.087 -8.846 6.202
2 24 30.452 -8.846 5.385 31.011 -8.846 5.418
2 24 25.948 -8.846 11.105 26.115 -8.846 11.637
2 24 -8.639 -8.846 14.481 -9.190 -8.846 14.582
2 24 -28.205 -1.538 14.315 -30.409 -1.538 14.582
2 24 34.790 -8.846 11.637 34.560 -8.846 12.145
2 24 7.716 -1.538 6.202 6.244 -1.538 7.855
2 24 13.824 -1.538 13.061 11.996 -1.538 14.315
2 24 35.224 -10.000 6.723 36.208 -10.000 9.305
2 24 -31.495 -8.846 5.685 -32.006 -8.846 5.913
2 24 -33.957 -1.538 7.855 -34.489 -1.538 10.000
2 24 -48.306 -1.538 14.315 -50.510 -1.538 14.582
2 24 36.208 -10.000 9.305 35.874 -10.000 12.046
2 24 31.840 -10.000 15.602 30.452 -10.000 15.769
2 24 5.713 -1.538 10.000 6.244 -1.538 12.145
2 24 -12.384 -1.538 6.202 -13.857 -1.538 7.855
2 24 -26.005 -10.000 14.318 -28.462 -10.000 15.602
2 24 -32.485 -1.538 6.202 -33.957 -1.538 7.855
2 24 -3.993 -10.000 9.305 -4.328 -10.000 12.046
2 24 -24.429 -10.000 12.046 -26.005 -10.000 14.318
2 24 -32.545 -10.000 4.892 -34.622 -10.000 6.723
2 24 27.758 -10.000 4.892 25.680 -10.000 6.723
2 24 6.244 -1.538 12.145 7.716 -1.538 13.798
2 24 -34.354 -8.846 11.105 -34.187 -8.846 11.637
2 24 5.580 -10.000 6.723 4.596 -10.000 9.305
2 24 30.452 -10.000 4.231 27.758 -10.000 4.892
2 24 4.596 -10.000 9.305 4.930 -10.000 12.046
2 24 -5.245 -1.538 8.895 -5.111 -1.538 10.000
2 24 -33.322 -8.846 6.939 -33.668 -8.846 7.378
2 24 -13.594 -10.000 14.318 -11.137 -10.000 15.602
2 24 -55.995 -10.000 14.796 -53.305 -10.000 16.931
2 24 33.807 0.000 3.069 36.497 0.000 5.204
2 24 11.996 -1.538 5.685 13.824 -1.538 6.939
2 24 -57.488 -10.000 11.712 -55.995 -10.000 14.796
2 24 -49.951 -10.000 4.231 -47.256 -10.000 4.892
2 24 -26.378 -1.538 6.939 -25.346 -1.538 8.895
2 24 36.497 -10.000 5.204 37.990 -10.000 8.288
2 24 -29.850 -10.000 4.231 -32.545 -10.000 4.892
2 24 -14.388 -1.538 10.000 -13.857 -1.538 12.145
2 24 -34.354 -8.846 8.895 -34.455 -8.846 9.444
2 24 13.046 -10.000 4.892 15.123 -10.000 6.723
2 24 -53.796 -10.000 14.318 -51.338 -10.000 15.602
2 24 -29.850 -10.000 4.231 -27.155 -10.000 4.892
2 24 -57.488 0.000 8.288 -57.488 0.000 11.712
2 24 -5.932 -8.846 7.378 -5.642 -8.846 7.855
2 24 -53.305 -10.000 3.069 -55.995 -10.000 5.204
2 24 -49.951 -10.000 4.231 -52.645 -10.000 4.892
2 24 -50.510 -1.538 5.418 -48.306 -1.538 5.685
2 24 -52.645 -10.000 4.892 -54.723 -10.000 6.723
2 24 -49.951 0.000 2.308 30.452 0.000 2.308
2 24 15.123 -10.000 6.723 16.108 -10.000 9.305
2 24 -15.505 -10.000 9.305 -15.171 -10.000 12.046
2 24 -25.346 -1.538 8.895 -25.211 -1.538 10.000
2 24 -51.596 -8.846 5.685 -52.107 -8.846 5.913
2 24 -45.614 -8.846 11.637 -45.844 -8.846 12.145
2 24 -10.308 -1.538 5.418 -8.104 -1.538 5.685
2 24 -25.245 -8.846 9.444 -25.211 -8.846 10.000
2 24 30.452 0.000 2.308 33.807 0.000 3.069
2 24 33.807 -10.000 3.069 36.497 -10.000 5.204
2 24 -11.137 -10.000 15.602 -9.749 -10.000 15.769
2 24 -53.305 -10.000 16.931 -49.951 -10.000 17.692
2 24 -49.951 -10.000 17.692 30.452 -10.000 17.692
2 24 10.352 -10.000 4.231 13.046 -10.000 4.892
2 24 -15.171 -10.000 12.046 -13.594 -10.000 14.318
2 24 -57.488 0.000 11.712 -55.995 0.000 14.796
2 24 14.197 -10.000 14.318 11.739 -10.000 15.602
2 24 -9.749 -10.000 4.231 -7.055 -10.000 4.892
2 24 -33.957 -1.538 12.145 -32.485 -1.538 13.798
2 24 -52.586 -1.538 13.798 -50.510 -1.538 14.582
2 24 11.996 -1.538 14.315 9.792 -1.538 14.582
2 24 11.462 -8.846 14.481 10.911 -8.846 14.582
2 24 6.507 -10.000 14.318 8.964 -10.000 15.602
2 24 -27.155 -10.000 4.892 -25.078 -10.000 6.723
2 24 -7.055 -10.000 4.892 -4.977 -10.000 6.723
2 24 -12.384 -1.538 13.798 -10.308 -1.538 14.582
2 24 -31.495 -8.846 14.315 -30.960 -8.846 14.481
2 24 13.824 -1.538 6.939 14.855 -1.538 8.895
2 24 -46.875 -8.846 13.455 -47.316 -8.846 13.798
2 24 -51.338 -10.000 15.602 -49.951 -10.000 15.769
2 24 -54.455 -8.846 11.105 -54.288 -8.846 11.637
2 24 -28.462 -10.000 15.602 -29.850 -10.000 15.769
2 24 -44.529 -10.000 12.046 -46.106 -10.000 14.318
2 24 -34.622 -10.000 6.723 -35.606 -10.000 9.305
2 24 -50.510 -1.538 5.418 -52.586 -1.538 6.202
2 24 -55.707 -10.000 9.305 -55.372 -10.000 12.046
2 24 -46.133 -8.846 7.378 -45.844 -8.846 7.855
2 24 -49.951 -2.308 20.000 30.452 -2.308 20.000
2 24 -49.951 0.000 17.692 30.452 0.000 17.692
2 24 -53.423 -8.846 6.939 -53.768 -8.846 7.378
2 24 -49.951 -7.692 20.000 30.452 -7.692 20.000
2 24 10.352 -8.846 14.615 10.911 -8.846 14.582
2 24 -49.951 0.000 2.308 -53.305 0.000 3.069
2 24 5.848 -8.846 11.105 6.014 -8.846 11.637
2 24 -54.590 -1.538 10.000 -54.058 -1.538 12.145
2 24 -28.740 -8.846 14.481 -29.291 -8.846 14.582
2 24 -53.305 0.000 16.931 -49.951 0.000 17.692
2 24 36.497 0.000 5.204 37.990 0.000 8.288
2 24 37.990 0.000 8.288 37.990 0.000 11.712
2 24 14.689 -8.846 11.637 14.459 -8.846 12.145
2 24 -5.111 -1.538 10.000 -5.245 -1.538 11.105
2 24 -27.694 -8.846 5.913 -27.215 -8.846 6.202
2 24 -5.245 -1.538 11.105 -6.277 -1.538 13.061
2 24 5.848 -8.846 8.895 5.747 -8.846 9.444
2 24 -10.308 -1.538 5.418 -12.384 -1.538 6.202
