0 FILE mC3915FAB_2024718_025603.dat
0 bem-sm-2
0 Name:  mC3915FAB_2024718_025603.dat
0 Author:  
0 BFC CERTIFY CCW
3 16 8.895 -1.538 34.788 6.939 -1.538 33.752 10.000 -1.538 30.266
3 16 5.685 -1.538 31.918 10.000 -1.538 30.266 6.939 -1.538 33.752
3 16 5.418 -1.538 29.705 10.000 -1.538 30.266 5.685 -1.538 31.918
3 16 6.202 -1.538 27.621 10.000 -1.538 30.266 5.418 -1.538 29.705
3 16 7.855 -1.538 26.143 10.000 -1.538 30.266 6.202 -1.538 27.621
3 16 10.000 -1.538 25.610 10.000 -1.538 30.266 7.855 -1.538 26.143
3 16 12.145 -1.538 26.143 10.000 -1.538 30.266 10.000 -1.538 25.610
3 16 13.798 -1.538 27.621 10.000 -1.538 30.266 12.145 -1.538 26.143
3 16 14.582 -1.538 29.705 10.000 -1.538 30.266 13.798 -1.538 27.621
3 16 14.315 -1.538 31.918 10.000 -1.538 30.266 14.582 -1.538 29.705
3 16 13.061 -1.538 33.752 10.000 -1.538 30.266 14.315 -1.538 31.918
3 16 11.105 -1.538 34.788 10.000 -1.538 30.266 13.061 -1.538 33.752
3 16 10.000 -1.538 34.923 10.000 -1.538 30.266 11.105 -1.538 34.788
3 16 8.895 -1.538 34.788 10.000 -1.538 30.266 10.000 -1.538 34.923
3 16 10.000 -5.000 24.338 11.406 -5.000 24.511 10.000 -1.538 25.610
3 16 12.145 -1.538 26.143 10.000 -1.538 25.610 11.406 -5.000 24.511
3 16 12.730 -5.000 25.017 13.896 -5.000 25.829 12.145 -1.538 26.143
3 16 13.798 -1.538 27.621 12.145 -1.538 26.143 13.896 -5.000 25.829
3 16 14.835 -5.000 26.899 15.493 -5.000 28.164 13.798 -1.538 27.621
3 16 14.582 -1.538 29.705 13.798 -1.538 27.621 15.493 -5.000 28.164
3 16 15.832 -5.000 29.552 15.832 -5.000 30.981 14.582 -1.538 29.705
3 16 14.315 -1.538 31.918 14.582 -1.538 29.705 15.832 -5.000 30.981
3 16 14.315 -1.538 31.918 14.835 -5.000 33.634 13.061 -1.538 33.752
3 16 15.493 -5.000 32.368 14.835 -5.000 33.634 14.315 -1.538 31.918
3 16 13.061 -1.538 33.752 12.730 -5.000 35.515 11.105 -1.538 34.788
3 16 13.896 -5.000 34.703 12.730 -5.000 35.515 13.061 -1.538 33.752
3 16 10.000 -1.538 34.923 11.105 -1.538 34.788 10.000 -5.000 36.194
3 16 8.594 -5.000 36.022 8.895 -1.538 34.788 10.000 -5.000 36.194
3 16 10.000 -1.538 34.923 10.000 -5.000 36.194 8.895 -1.538 34.788
3 16 8.594 -5.000 36.022 7.270 -5.000 35.515 8.895 -1.538 34.788
3 16 6.939 -1.538 33.752 8.895 -1.538 34.788 7.270 -5.000 35.515
3 16 6.104 -5.000 34.703 5.165 -5.000 33.634 6.939 -1.538 33.752
3 16 5.685 -1.538 31.918 6.939 -1.538 33.752 5.165 -5.000 33.634
3 16 4.507 -5.000 32.368 4.168 -5.000 30.981 5.685 -1.538 31.918
3 16 5.418 -1.538 29.705 5.685 -1.538 31.918 4.168 -5.000 30.981
3 16 4.168 -5.000 29.552 4.507 -5.000 28.164 5.418 -1.538 29.705
3 16 6.202 -1.538 27.621 5.418 -1.538 29.705 4.507 -5.000 28.164
3 16 5.165 -5.000 26.899 6.104 -5.000 25.829 6.202 -1.538 27.621
3 16 7.855 -1.538 26.143 6.202 -1.538 27.621 6.104 -5.000 25.829
3 16 7.270 -5.000 25.017 8.594 -5.000 24.511 7.855 -1.538 26.143
3 16 10.000 -1.538 25.610 7.855 -1.538 26.143 8.594 -5.000 24.511
3 16 10.000 -5.000 24.338 10.000 -1.538 25.610 8.594 -5.000 24.511
3 16 7.270 -5.000 25.017 7.855 -1.538 26.143 6.104 -5.000 25.829
3 16 5.165 -5.000 26.899 6.202 -1.538 27.621 4.507 -5.000 28.164
3 16 4.168 -5.000 29.552 5.418 -1.538 29.705 4.168 -5.000 30.981
3 16 4.507 -5.000 32.368 5.685 -1.538 31.918 5.165 -5.000 33.634
3 16 6.104 -5.000 34.703 6.939 -1.538 33.752 7.270 -5.000 35.515
3 16 11.406 -5.000 36.022 10.000 -5.000 36.194 11.105 -1.538 34.788
3 16 11.406 -5.000 36.022 11.105 -1.538 34.788 12.730 -5.000 35.515
3 16 13.896 -5.000 34.703 13.061 -1.538 33.752 14.835 -5.000 33.634
3 16 15.493 -5.000 32.368 14.315 -1.538 31.918 15.832 -5.000 30.981
3 16 15.832 -5.000 29.552 14.582 -1.538 29.705 15.493 -5.000 28.164
3 16 14.835 -5.000 26.899 13.798 -1.538 27.621 13.896 -5.000 25.829
3 16 12.730 -5.000 25.017 12.145 -1.538 26.143 11.406 -5.000 24.511
3 16 10.000 -5.000 36.194 11.406 -5.000 36.022 10.000 -8.462 34.923
3 16 12.145 -8.462 34.390 10.000 -8.462 34.923 11.406 -5.000 36.022
3 16 12.730 -5.000 35.515 13.896 -5.000 34.703 12.145 -8.462 34.390
3 16 13.798 -8.462 32.912 12.145 -8.462 34.390 13.896 -5.000 34.703
3 16 14.835 -5.000 33.634 15.493 -5.000 32.368 13.798 -8.462 32.912
3 16 14.582 -8.462 30.828 13.798 -8.462 32.912 15.493 -5.000 32.368
3 16 15.832 -5.000 30.981 15.832 -5.000 29.552 14.582 -8.462 30.828
3 16 14.315 -8.462 28.615 14.582 -8.462 30.828 15.832 -5.000 29.552
3 16 14.315 -8.462 28.615 14.835 -5.000 26.899 13.061 -8.462 26.781
3 16 15.493 -5.000 28.164 14.835 -5.000 26.899 14.315 -8.462 28.615
3 16 13.061 -8.462 26.781 12.730 -5.000 25.017 11.105 -8.462 25.745
3 16 13.896 -5.000 25.829 12.730 -5.000 25.017 13.061 -8.462 26.781
3 16 11.406 -5.000 24.511 10.000 -5.000 24.338 11.105 -8.462 25.745
3 16 8.895 -8.462 25.745 11.105 -8.462 25.745 10.000 -5.000 24.338
3 16 8.594 -5.000 24.511 7.270 -5.000 25.017 8.895 -8.462 25.745
3 16 6.939 -8.462 26.781 8.895 -8.462 25.745 7.270 -5.000 25.017
3 16 6.104 -5.000 25.829 5.165 -5.000 26.899 6.939 -8.462 26.781
3 16 5.685 -8.462 28.615 6.939 -8.462 26.781 5.165 -5.000 26.899
3 16 4.507 -5.000 28.164 4.168 -5.000 29.552 5.685 -8.462 28.615
3 16 5.418 -8.462 30.828 5.685 -8.462 28.615 4.168 -5.000 29.552
3 16 4.168 -5.000 30.981 4.507 -5.000 32.368 5.418 -8.462 30.828
3 16 6.202 -8.462 32.912 5.418 -8.462 30.828 4.507 -5.000 32.368
3 16 5.165 -5.000 33.634 6.104 -5.000 34.703 6.202 -8.462 32.912
3 16 7.855 -8.462 34.390 6.202 -8.462 32.912 6.104 -5.000 34.703
3 16 7.270 -5.000 35.515 8.594 -5.000 36.022 7.855 -8.462 34.390
3 16 10.000 -8.462 34.923 7.855 -8.462 34.390 8.594 -5.000 36.022
3 16 10.000 -5.000 36.194 10.000 -8.462 34.923 8.594 -5.000 36.022
3 16 7.270 -5.000 35.515 7.855 -8.462 34.390 6.104 -5.000 34.703
3 16 5.165 -5.000 33.634 6.202 -8.462 32.912 4.507 -5.000 32.368
3 16 4.168 -5.000 30.981 5.418 -8.462 30.828 4.168 -5.000 29.552
3 16 4.507 -5.000 28.164 5.685 -8.462 28.615 5.165 -5.000 26.899
3 16 6.104 -5.000 25.829 6.939 -8.462 26.781 7.270 -5.000 25.017
3 16 8.594 -5.000 24.511 8.895 -8.462 25.745 10.000 -5.000 24.338
3 16 11.406 -5.000 24.511 11.105 -8.462 25.745 12.730 -5.000 25.017
3 16 13.896 -5.000 25.829 13.061 -8.462 26.781 14.835 -5.000 26.899
3 16 15.493 -5.000 28.164 14.315 -8.462 28.615 15.832 -5.000 29.552
3 16 15.832 -5.000 30.981 14.582 -8.462 30.828 15.493 -5.000 32.368
3 16 14.835 -5.000 33.634 13.798 -8.462 32.912 13.896 -5.000 34.703
3 16 12.730 -5.000 35.515 12.145 -8.462 34.390 11.406 -5.000 36.022
3 16 10.000 -8.846 34.923 8.363 -8.846 34.620 10.000 -8.462 34.923
3 16 7.855 -8.462 34.390 10.000 -8.462 34.923 8.363 -8.846 34.620
3 16 7.855 -8.846 34.390 6.545 -8.846 33.354 7.855 -8.462 34.390
3 16 6.202 -8.462 32.912 7.855 -8.462 34.390 6.545 -8.846 33.354
3 16 6.202 -8.846 32.912 5.519 -8.846 31.381 6.202 -8.462 32.912
3 16 5.418 -8.462 30.828 6.202 -8.462 32.912 5.519 -8.846 31.381
3 16 5.418 -8.462 30.828 5.385 -8.846 30.266 5.685 -8.462 28.615
3 16 5.519 -8.846 29.152 5.685 -8.462 28.615 5.385 -8.846 30.266
3 16 5.418 -8.846 30.828 5.385 -8.846 30.266 5.418 -8.462 30.828
3 16 5.685 -8.846 28.615 6.545 -8.846 27.178 5.685 -8.462 28.615
3 16 6.939 -8.462 26.781 5.685 -8.462 28.615 6.545 -8.846 27.178
3 16 6.939 -8.846 26.781 8.363 -8.846 25.912 6.939 -8.462 26.781
3 16 8.895 -8.462 25.745 6.939 -8.462 26.781 8.363 -8.846 25.912
3 16 8.895 -8.846 25.745 10.556 -8.846 25.644 8.895 -8.462 25.745
3 16 11.105 -8.462 25.745 8.895 -8.462 25.745 10.556 -8.846 25.644
3 16 11.105 -8.846 25.745 12.622 -8.846 26.434 11.105 -8.462 25.745
3 16 13.061 -8.462 26.781 11.105 -8.462 25.745 12.622 -8.846 26.434
3 16 13.061 -8.846 26.781 14.087 -8.846 28.102 13.061 -8.462 26.781
3 16 14.315 -8.462 28.615 13.061 -8.462 26.781 14.087 -8.846 28.102
3 16 14.315 -8.846 28.615 14.615 -8.846 30.266 14.315 -8.462 28.615
3 16 14.582 -8.462 30.828 14.315 -8.462 28.615 14.615 -8.846 30.266
3 16 14.582 -8.846 30.828 14.087 -8.846 32.430 14.582 -8.462 30.828
3 16 13.798 -8.462 32.912 14.582 -8.462 30.828 14.087 -8.846 32.430
3 16 13.798 -8.846 32.912 12.622 -8.846 34.099 13.798 -8.462 32.912
3 16 12.145 -8.462 34.390 13.798 -8.462 32.912 12.622 -8.846 34.099
3 16 12.145 -8.846 34.390 10.556 -8.846 34.889 12.145 -8.462 34.390
3 16 10.000 -8.462 34.923 12.145 -8.462 34.390 10.556 -8.846 34.889
3 16 10.000 -8.846 34.923 10.000 -8.462 34.923 10.556 -8.846 34.889
3 16 12.145 -8.846 34.390 12.145 -8.462 34.390 12.622 -8.846 34.099
3 16 13.798 -8.846 32.912 13.798 -8.462 32.912 14.087 -8.846 32.430
3 16 14.582 -8.846 30.828 14.582 -8.462 30.828 14.615 -8.846 30.266
3 16 14.315 -8.846 28.615 14.315 -8.462 28.615 14.087 -8.846 28.102
3 16 13.061 -8.846 26.781 13.061 -8.462 26.781 12.622 -8.846 26.434
3 16 11.105 -8.846 25.745 11.105 -8.462 25.745 10.556 -8.846 25.644
3 16 8.895 -8.846 25.745 8.895 -8.462 25.745 8.363 -8.846 25.912
3 16 6.939 -8.846 26.781 6.939 -8.462 26.781 6.545 -8.846 27.178
3 16 5.685 -8.846 28.615 5.685 -8.462 28.615 5.519 -8.846 29.152
3 16 5.418 -8.846 30.828 5.418 -8.462 30.828 5.519 -8.846 31.381
3 16 6.202 -8.846 32.912 6.202 -8.462 32.912 6.545 -8.846 33.354
3 16 7.855 -8.846 34.390 7.855 -8.462 34.390 8.363 -8.846 34.620
3 16 14.087 -8.846 32.430 14.582 -8.846 30.828 15.108 -10.000 32.971
3 16 15.769 -10.000 30.266 15.108 -10.000 32.971 14.582 -8.846 30.828
3 16 12.622 -8.846 34.099 13.798 -8.846 32.912 13.277 -10.000 35.057
3 16 15.108 -10.000 32.971 13.277 -10.000 35.057 13.798 -8.846 32.912
3 16 10.556 -8.846 34.889 12.145 -8.846 34.390 10.695 -10.000 36.045
3 16 13.277 -10.000 35.057 10.695 -10.000 36.045 12.145 -8.846 34.390
3 16 8.363 -8.846 34.620 10.000 -8.846 34.923 7.954 -10.000 35.709
3 16 10.695 -10.000 36.045 7.954 -10.000 35.709 10.000 -8.846 34.923
3 16 6.545 -8.846 33.354 7.855 -8.846 34.390 5.682 -10.000 34.126
3 16 7.954 -10.000 35.709 5.682 -10.000 34.126 7.855 -8.846 34.390
3 16 5.519 -8.846 31.381 6.202 -8.846 32.912 4.398 -10.000 31.659
3 16 5.682 -10.000 34.126 4.398 -10.000 31.659 6.202 -8.846 32.912
3 16 4.231 -10.000 30.266 5.418 -8.846 30.828 4.398 -10.000 31.659
3 16 5.385 -8.846 30.266 5.418 -8.846 30.828 4.231 -10.000 30.266
3 16 4.398 -10.000 28.873 5.519 -8.846 29.152 4.231 -10.000 30.266
3 16 5.385 -8.846 30.266 4.231 -10.000 30.266 5.519 -8.846 29.152
3 16 6.545 -8.846 27.178 5.685 -8.846 28.615 5.682 -10.000 26.406
3 16 4.398 -10.000 28.873 5.682 -10.000 26.406 5.685 -8.846 28.615
3 16 8.363 -8.846 25.912 6.939 -8.846 26.781 7.954 -10.000 24.824
3 16 5.682 -10.000 26.406 7.954 -10.000 24.824 6.939 -8.846 26.781
3 16 10.556 -8.846 25.644 8.895 -8.846 25.745 10.695 -10.000 24.488
3 16 7.954 -10.000 24.824 10.695 -10.000 24.488 8.895 -8.846 25.745
3 16 12.622 -8.846 26.434 11.105 -8.846 25.745 13.277 -10.000 25.476
3 16 10.695 -10.000 24.488 13.277 -10.000 25.476 11.105 -8.846 25.745
3 16 14.087 -8.846 28.102 13.061 -8.846 26.781 15.108 -10.000 27.561
3 16 13.277 -10.000 25.476 15.108 -10.000 27.561 13.061 -8.846 26.781
3 16 14.615 -8.846 30.266 14.315 -8.846 28.615 15.769 -10.000 30.266
3 16 15.108 -10.000 27.561 15.769 -10.000 30.266 14.315 -8.846 28.615
3 16 14.087 -8.846 28.102 15.108 -10.000 27.561 14.315 -8.846 28.615
3 16 12.622 -8.846 26.434 13.277 -10.000 25.476 13.061 -8.846 26.781
3 16 10.556 -8.846 25.644 10.695 -10.000 24.488 11.105 -8.846 25.745
3 16 8.363 -8.846 25.912 7.954 -10.000 24.824 8.895 -8.846 25.745
3 16 6.545 -8.846 27.178 5.682 -10.000 26.406 6.939 -8.846 26.781
3 16 5.519 -8.846 29.152 4.398 -10.000 28.873 5.685 -8.846 28.615
3 16 5.519 -8.846 31.381 4.398 -10.000 31.659 5.418 -8.846 30.828
3 16 6.545 -8.846 33.354 5.682 -10.000 34.126 6.202 -8.846 32.912
3 16 8.363 -8.846 34.620 7.954 -10.000 35.709 7.855 -8.846 34.390
3 16 10.556 -8.846 34.889 10.695 -10.000 36.045 10.000 -8.846 34.923
3 16 12.622 -8.846 34.099 13.277 -10.000 35.057 12.145 -8.846 34.390
3 16 14.087 -8.846 32.430 15.108 -10.000 32.971 13.798 -8.846 32.912
3 16 14.615 -8.846 30.266 15.769 -10.000 30.266 14.582 -8.846 30.828
3 16 4.231 -10.000 30.266 4.398 -10.000 31.659 2.308 -10.000 30.266
3 16 3.069 -10.000 6.720 4.398 -10.000 8.694 2.308 -10.000 10.087
3 16 4.398 -10.000 28.873 4.231 -10.000 30.266 2.308 -10.000 30.266
3 16 5.682 -10.000 26.406 4.398 -10.000 28.873 2.308 -10.000 10.087
3 16 2.308 -10.000 10.087 4.398 -10.000 11.480 7.954 -10.000 24.824
3 16 4.231 -10.000 10.087 2.308 -10.000 10.087 4.398 -10.000 8.694
3 16 13.277 -10.000 35.057 15.108 -10.000 32.971 14.796 -10.000 36.334
3 16 10.695 -10.000 36.045 13.277 -10.000 35.057 11.712 -10.000 37.833
3 16 4.398 -10.000 31.659 5.682 -10.000 34.126 3.069 -10.000 33.634
3 16 2.308 -10.000 30.266 2.308 -10.000 10.087 4.398 -10.000 28.873
3 16 4.398 -10.000 11.480 2.308 -10.000 10.087 4.231 -10.000 10.087
3 16 5.204 -10.000 4.019 5.682 -10.000 6.227 3.069 -10.000 6.720
3 16 8.288 -10.000 2.521 7.954 -10.000 4.645 5.204 -10.000 4.019
3 16 11.712 -10.000 2.521 10.695 -10.000 4.309 8.288 -10.000 2.521
3 16 14.796 -10.000 4.019 13.277 -10.000 5.297 11.712 -10.000 2.521
3 16 16.931 -10.000 6.720 15.108 -10.000 7.382 14.796 -10.000 4.019
3 16 14.796 -10.000 36.334 11.712 -10.000 37.833 13.277 -10.000 35.057
3 16 7.954 -10.000 35.709 10.695 -10.000 36.045 8.288 -10.000 37.833
3 16 5.682 -10.000 34.126 7.954 -10.000 35.709 5.204 -10.000 36.334
3 16 3.069 -10.000 33.634 2.308 -10.000 30.266 4.398 -10.000 31.659
3 16 4.398 -10.000 8.694 3.069 -10.000 6.720 5.682 -10.000 6.227
3 16 7.954 -10.000 4.645 8.288 -10.000 2.521 10.695 -10.000 4.309
3 16 13.277 -10.000 5.297 14.796 -10.000 4.019 15.108 -10.000 7.382
3 16 11.712 -10.000 37.833 8.288 -10.000 37.833 10.695 -10.000 36.045
3 16 5.204 -10.000 36.334 3.069 -10.000 33.634 5.682 -10.000 34.126
3 16 10.695 -10.000 24.488 7.954 -10.000 24.824 4.398 -10.000 11.480
3 16 10.695 -10.000 4.309 11.712 -10.000 2.521 13.277 -10.000 5.297
3 16 17.692 -10.000 30.266 15.108 -10.000 27.561 13.277 -10.000 14.878
3 16 8.288 -10.000 37.833 5.204 -10.000 36.334 7.954 -10.000 35.709
3 16 5.682 -10.000 6.227 5.204 -10.000 4.019 7.954 -10.000 4.645
3 16 15.769 -10.000 30.266 15.108 -10.000 27.561 17.692 -10.000 30.266
3 16 5.682 -10.000 26.406 2.308 -10.000 10.087 7.954 -10.000 24.824
3 16 17.692 -10.000 10.087 15.769 -10.000 10.087 16.931 -10.000 6.720
3 16 4.398 -10.000 11.480 5.682 -10.000 13.947 10.695 -10.000 24.488
3 16 10.695 -10.000 15.866 13.277 -10.000 14.878 15.108 -10.000 27.561
3 16 5.682 -10.000 13.947 7.954 -10.000 15.530 15.108 -10.000 27.561
3 16 15.108 -10.000 7.382 16.931 -10.000 6.720 15.769 -10.000 10.087
3 16 15.108 -10.000 27.561 13.277 -10.000 25.476 5.682 -10.000 13.947
3 16 17.692 -10.000 30.266 15.108 -10.000 12.792 17.692 -10.000 10.087
3 16 10.695 -10.000 15.866 15.108 -10.000 27.561 7.954 -10.000 15.530
3 16 13.277 -10.000 25.476 10.695 -10.000 24.488 5.682 -10.000 13.947
3 16 15.108 -10.000 12.792 17.692 -10.000 30.266 13.277 -10.000 14.878
3 16 15.108 -10.000 32.971 15.769 -10.000 30.266 16.931 -10.000 33.634
3 16 15.769 -10.000 10.087 17.692 -10.000 10.087 15.108 -10.000 12.792
3 16 16.931 -10.000 33.634 14.796 -10.000 36.334 15.108 -10.000 32.971
3 16 17.692 -10.000 30.266 16.931 -10.000 33.634 15.769 -10.000 30.266
3 16 17.692 -10.000 10.087 16.931 -10.000 6.720 20.000 -7.692 10.087
3 16 16.931 -10.000 6.720 14.796 -10.000 4.019 19.010 -7.692 5.710
3 16 14.796 -10.000 4.019 11.712 -10.000 2.521 16.235 -7.692 2.199
3 16 11.712 -10.000 2.521 8.288 -10.000 2.521 12.225 -7.692 0.251
3 16 8.288 -10.000 2.521 5.204 -10.000 4.019 7.775 -7.692 0.251
3 16 5.204 -10.000 4.019 3.069 -10.000 6.720 3.765 -7.692 2.199
3 16 3.069 -10.000 6.720 2.308 -10.000 10.087 0.990 -7.692 5.710
3 16 0.000 -7.692 10.087 0.990 -7.692 5.710 2.308 -10.000 10.087
3 16 0.990 -7.692 5.710 3.765 -7.692 2.199 3.069 -10.000 6.720
3 16 3.765 -7.692 2.199 7.775 -7.692 0.251 5.204 -10.000 4.019
3 16 7.775 -7.692 0.251 12.225 -7.692 0.251 8.288 -10.000 2.521
3 16 12.225 -7.692 0.251 16.235 -7.692 2.199 11.712 -10.000 2.521
3 16 16.235 -7.692 2.199 19.010 -7.692 5.710 14.796 -10.000 4.019
3 16 19.010 -7.692 5.710 20.000 -7.692 10.087 16.931 -10.000 6.720
3 16 0.000 -7.692 10.087 2.308 -10.000 10.087 0.000 -7.692 30.266
3 16 2.308 -10.000 30.266 0.000 -7.692 30.266 2.308 -10.000 10.087
3 16 17.692 -10.000 10.087 20.000 -7.692 10.087 17.692 -10.000 30.266
3 16 20.000 -7.692 30.266 17.692 -10.000 30.266 20.000 -7.692 10.087
3 16 20.000 -7.692 10.087 19.010 -7.692 5.710 20.000 -2.308 10.087
3 16 19.010 -7.692 5.710 16.235 -7.692 2.199 19.010 -2.308 5.710
3 16 16.235 -7.692 2.199 12.225 -7.692 0.251 16.235 -2.308 2.199
3 16 12.225 -7.692 0.251 7.775 -7.692 0.251 12.225 -2.308 0.251
3 16 7.775 -7.692 0.251 3.765 -7.692 2.199 7.775 -2.308 0.251
3 16 3.765 -7.692 2.199 0.990 -7.692 5.710 3.765 -2.308 2.199
3 16 0.990 -7.692 5.710 0.000 -7.692 10.087 0.990 -2.308 5.710
3 16 0.000 -2.308 10.087 0.990 -2.308 5.710 0.000 -7.692 10.087
3 16 0.990 -2.308 5.710 3.765 -2.308 2.199 0.990 -7.692 5.710
3 16 3.765 -2.308 2.199 7.775 -2.308 0.251 3.765 -7.692 2.199
3 16 7.775 -2.308 0.251 12.225 -2.308 0.251 7.775 -7.692 0.251
3 16 12.225 -2.308 0.251 16.235 -2.308 2.199 12.225 -7.692 0.251
3 16 16.235 -2.308 2.199 19.010 -2.308 5.710 16.235 -7.692 2.199
3 16 19.010 -2.308 5.710 20.000 -2.308 10.087 19.010 -7.692 5.710
3 16 2.308 -10.000 30.266 3.069 -10.000 33.634 0.000 -7.692 30.266
3 16 3.069 -10.000 33.634 5.204 -10.000 36.334 0.990 -7.692 34.644
3 16 5.204 -10.000 36.334 8.288 -10.000 37.833 3.765 -7.692 38.155
3 16 8.288 -10.000 37.833 11.712 -10.000 37.833 7.775 -7.692 40.103
3 16 11.712 -10.000 37.833 14.796 -10.000 36.334 12.225 -7.692 40.103
3 16 14.796 -10.000 36.334 16.931 -10.000 33.634 16.235 -7.692 38.155
3 16 16.931 -10.000 33.634 17.692 -10.000 30.266 19.010 -7.692 34.644
3 16 20.000 -7.692 30.266 19.010 -7.692 34.644 17.692 -10.000 30.266
3 16 19.010 -7.692 34.644 16.235 -7.692 38.155 16.931 -10.000 33.634
3 16 16.235 -7.692 38.155 12.225 -7.692 40.103 14.796 -10.000 36.334
3 16 12.225 -7.692 40.103 7.775 -7.692 40.103 11.712 -10.000 37.833
3 16 7.775 -7.692 40.103 3.765 -7.692 38.155 8.288 -10.000 37.833
3 16 3.765 -7.692 38.155 0.990 -7.692 34.644 5.204 -10.000 36.334
3 16 0.990 -7.692 34.644 0.000 -7.692 30.266 3.069 -10.000 33.634
3 16 20.000 -7.692 10.087 20.000 -2.308 10.087 20.000 -7.692 30.266
3 16 20.000 -2.308 30.266 20.000 -7.692 30.266 20.000 -2.308 10.087
3 16 0.000 -2.308 30.266 0.000 -2.308 10.087 0.000 -7.692 30.266
3 16 0.000 -7.692 10.087 0.000 -7.692 30.266 0.000 -2.308 10.087
3 16 0.000 -7.692 30.266 0.990 -7.692 34.644 0.000 -2.308 30.266
3 16 0.990 -7.692 34.644 3.765 -7.692 38.155 0.990 -2.308 34.644
3 16 3.765 -7.692 38.155 7.775 -7.692 40.103 3.765 -2.308 38.155
3 16 7.775 -7.692 40.103 12.225 -7.692 40.103 7.775 -2.308 40.103
3 16 12.225 -7.692 40.103 16.235 -7.692 38.155 12.225 -2.308 40.103
3 16 16.235 -7.692 38.155 19.010 -7.692 34.644 16.235 -2.308 38.155
3 16 19.010 -7.692 34.644 20.000 -7.692 30.266 19.010 -2.308 34.644
3 16 20.000 -2.308 30.266 19.010 -2.308 34.644 20.000 -7.692 30.266
3 16 19.010 -2.308 34.644 16.235 -2.308 38.155 19.010 -7.692 34.644
3 16 16.235 -2.308 38.155 12.225 -2.308 40.103 16.235 -7.692 38.155
3 16 12.225 -2.308 40.103 7.775 -2.308 40.103 12.225 -7.692 40.103
3 16 7.775 -2.308 40.103 3.765 -2.308 38.155 7.775 -7.692 40.103
3 16 3.765 -2.308 38.155 0.990 -2.308 34.644 3.765 -7.692 38.155
3 16 0.990 -2.308 34.644 0.000 -2.308 30.266 0.990 -7.692 34.644
3 16 2.308 0.000 10.087 3.069 0.000 6.720 0.000 -2.308 10.087
3 16 3.069 0.000 6.720 5.204 0.000 4.019 0.990 -2.308 5.710
3 16 5.204 0.000 4.019 8.288 0.000 2.521 3.765 -2.308 2.199
3 16 8.288 0.000 2.521 11.712 0.000 2.521 7.775 -2.308 0.251
3 16 11.712 0.000 2.521 14.796 0.000 4.019 12.225 -2.308 0.251
3 16 14.796 0.000 4.019 16.931 0.000 6.720 16.235 -2.308 2.199
3 16 16.931 0.000 6.720 17.692 0.000 10.087 19.010 -2.308 5.710
3 16 20.000 -2.308 10.087 19.010 -2.308 5.710 17.692 0.000 10.087
3 16 19.010 -2.308 5.710 16.235 -2.308 2.199 16.931 0.000 6.720
3 16 16.235 -2.308 2.199 12.225 -2.308 0.251 14.796 0.000 4.019
3 16 12.225 -2.308 0.251 7.775 -2.308 0.251 11.712 0.000 2.521
3 16 7.775 -2.308 0.251 3.765 -2.308 2.199 8.288 0.000 2.521
3 16 3.765 -2.308 2.199 0.990 -2.308 5.710 5.204 0.000 4.019
3 16 0.990 -2.308 5.710 0.000 -2.308 10.087 3.069 0.000 6.720
3 16 8.288 0.000 2.521 5.204 0.000 4.019 11.712 0.000 2.521
3 16 16.931 0.000 6.720 14.796 0.000 4.019 2.308 0.000 10.087
3 16 14.796 0.000 36.334 16.931 0.000 33.634 5.204 0.000 36.334
3 16 5.204 0.000 36.334 8.288 0.000 37.833 14.796 0.000 36.334
3 16 3.069 0.000 6.720 11.712 0.000 2.521 5.204 0.000 4.019
3 16 17.692 0.000 10.087 16.931 0.000 6.720 2.308 0.000 10.087
3 16 11.712 0.000 37.833 14.796 0.000 36.334 8.288 0.000 37.833
3 16 2.308 0.000 30.266 3.069 0.000 33.634 17.692 0.000 30.266
3 16 11.712 0.000 2.521 2.308 0.000 10.087 14.796 0.000 4.019
3 16 2.308 0.000 10.087 2.308 0.000 30.266 17.692 0.000 10.087
3 16 5.204 0.000 36.334 17.692 0.000 30.266 3.069 0.000 33.634
3 16 17.692 0.000 30.266 17.692 0.000 10.087 2.308 0.000 30.266
3 16 2.308 0.000 10.087 11.712 0.000 2.521 3.069 0.000 6.720
3 16 17.692 0.000 30.266 5.204 0.000 36.334 16.931 0.000 33.634
3 16 0.000 -2.308 10.087 0.000 -2.308 30.266 2.308 0.000 10.087
3 16 2.308 0.000 30.266 2.308 0.000 10.087 0.000 -2.308 30.266
3 16 20.000 -2.308 10.087 17.692 0.000 10.087 20.000 -2.308 30.266
3 16 17.692 0.000 30.266 20.000 -2.308 30.266 17.692 0.000 10.087
3 16 17.692 0.000 30.266 16.931 0.000 33.634 20.000 -2.308 30.266
3 16 16.931 0.000 33.634 14.796 0.000 36.334 19.010 -2.308 34.644
3 16 14.796 0.000 36.334 11.712 0.000 37.833 16.235 -2.308 38.155
3 16 11.712 0.000 37.833 8.288 0.000 37.833 12.225 -2.308 40.103
3 16 8.288 0.000 37.833 5.204 0.000 36.334 7.775 -2.308 40.103
3 16 5.204 0.000 36.334 3.069 0.000 33.634 3.765 -2.308 38.155
3 16 3.069 0.000 33.634 2.308 0.000 30.266 0.990 -2.308 34.644
3 16 0.000 -2.308 30.266 0.990 -2.308 34.644 2.308 0.000 30.266
3 16 0.990 -2.308 34.644 3.765 -2.308 38.155 3.069 0.000 33.634
3 16 3.765 -2.308 38.155 7.775 -2.308 40.103 5.204 0.000 36.334
3 16 7.775 -2.308 40.103 12.225 -2.308 40.103 8.288 0.000 37.833
3 16 12.225 -2.308 40.103 16.235 -2.308 38.155 11.712 0.000 37.833
3 16 16.235 -2.308 38.155 19.010 -2.308 34.644 14.796 0.000 36.334
3 16 19.010 -2.308 34.644 20.000 -2.308 30.266 16.931 0.000 33.634
3 16 14.087 -8.846 12.251 14.582 -8.846 10.649 15.108 -10.000 12.792
3 16 15.769 -10.000 10.087 15.108 -10.000 12.792 14.582 -8.846 10.649
3 16 12.622 -8.846 13.920 13.798 -8.846 12.733 13.277 -10.000 14.878
3 16 15.108 -10.000 12.792 13.277 -10.000 14.878 13.798 -8.846 12.733
3 16 10.556 -8.846 14.710 12.145 -8.846 14.211 10.695 -10.000 15.866
3 16 13.277 -10.000 14.878 10.695 -10.000 15.866 12.145 -8.846 14.211
3 16 8.363 -8.846 14.441 10.000 -8.846 14.744 7.954 -10.000 15.530
3 16 10.695 -10.000 15.866 7.954 -10.000 15.530 10.000 -8.846 14.744
3 16 6.545 -8.846 13.175 7.855 -8.846 14.211 5.682 -10.000 13.947
3 16 7.954 -10.000 15.530 5.682 -10.000 13.947 7.855 -8.846 14.211
3 16 5.519 -8.846 11.202 6.202 -8.846 12.733 4.398 -10.000 11.480
3 16 5.682 -10.000 13.947 4.398 -10.000 11.480 6.202 -8.846 12.733
3 16 4.231 -10.000 10.087 5.418 -8.846 10.649 4.398 -10.000 11.480
3 16 5.385 -8.846 10.087 5.418 -8.846 10.649 4.231 -10.000 10.087
3 16 5.519 -8.846 8.973 5.385 -8.846 10.087 4.398 -10.000 8.694
3 16 4.231 -10.000 10.087 4.398 -10.000 8.694 5.385 -8.846 10.087
3 16 6.545 -8.846 6.999 5.685 -8.846 8.436 5.682 -10.000 6.227
3 16 4.398 -10.000 8.694 5.682 -10.000 6.227 5.685 -8.846 8.436
3 16 8.363 -8.846 5.733 6.939 -8.846 6.602 7.954 -10.000 4.645
3 16 5.682 -10.000 6.227 7.954 -10.000 4.645 6.939 -8.846 6.602
3 16 10.556 -8.846 5.465 8.895 -8.846 5.566 10.695 -10.000 4.309
3 16 7.954 -10.000 4.645 10.695 -10.000 4.309 8.895 -8.846 5.566
3 16 12.622 -8.846 6.255 11.105 -8.846 5.566 13.277 -10.000 5.297
3 16 10.695 -10.000 4.309 13.277 -10.000 5.297 11.105 -8.846 5.566
3 16 14.087 -8.846 7.923 13.061 -8.846 6.602 15.108 -10.000 7.382
3 16 13.277 -10.000 5.297 15.108 -10.000 7.382 13.061 -8.846 6.602
3 16 14.615 -8.846 10.087 14.315 -8.846 8.436 15.769 -10.000 10.087
3 16 15.108 -10.000 7.382 15.769 -10.000 10.087 14.315 -8.846 8.436
3 16 14.087 -8.846 7.923 15.108 -10.000 7.382 14.315 -8.846 8.436
3 16 12.622 -8.846 6.255 13.277 -10.000 5.297 13.061 -8.846 6.602
3 16 10.556 -8.846 5.465 10.695 -10.000 4.309 11.105 -8.846 5.566
3 16 8.363 -8.846 5.733 7.954 -10.000 4.645 8.895 -8.846 5.566
3 16 6.545 -8.846 6.999 5.682 -10.000 6.227 6.939 -8.846 6.602
3 16 5.519 -8.846 8.973 4.398 -10.000 8.694 5.685 -8.846 8.436
3 16 5.519 -8.846 11.202 4.398 -10.000 11.480 5.418 -8.846 10.649
3 16 6.545 -8.846 13.175 5.682 -10.000 13.947 6.202 -8.846 12.733
3 16 8.363 -8.846 14.441 7.954 -10.000 15.530 7.855 -8.846 14.211
3 16 10.556 -8.846 14.710 10.695 -10.000 15.866 10.000 -8.846 14.744
3 16 12.622 -8.846 13.920 13.277 -10.000 14.878 12.145 -8.846 14.211
3 16 14.087 -8.846 12.251 15.108 -10.000 12.792 13.798 -8.846 12.733
3 16 14.615 -8.846 10.087 15.769 -10.000 10.087 14.582 -8.846 10.649
3 16 10.000 -8.846 14.744 8.363 -8.846 14.441 10.000 -8.462 14.744
3 16 7.855 -8.462 14.211 10.000 -8.462 14.744 8.363 -8.846 14.441
3 16 7.855 -8.846 14.211 6.545 -8.846 13.175 7.855 -8.462 14.211
3 16 6.202 -8.462 12.733 7.855 -8.462 14.211 6.545 -8.846 13.175
3 16 6.202 -8.846 12.733 5.519 -8.846 11.202 6.202 -8.462 12.733
3 16 5.418 -8.462 10.649 6.202 -8.462 12.733 5.519 -8.846 11.202
3 16 5.385 -8.846 10.087 5.519 -8.846 8.973 5.418 -8.462 10.649
3 16 5.685 -8.462 8.436 5.418 -8.462 10.649 5.519 -8.846 8.973
3 16 5.418 -8.846 10.649 5.385 -8.846 10.087 5.418 -8.462 10.649
3 16 5.685 -8.846 8.436 6.545 -8.846 6.999 5.685 -8.462 8.436
3 16 6.939 -8.462 6.602 5.685 -8.462 8.436 6.545 -8.846 6.999
3 16 6.939 -8.846 6.602 8.363 -8.846 5.733 6.939 -8.462 6.602
3 16 8.895 -8.462 5.566 6.939 -8.462 6.602 8.363 -8.846 5.733
3 16 8.895 -8.846 5.566 10.556 -8.846 5.465 8.895 -8.462 5.566
3 16 11.105 -8.462 5.566 8.895 -8.462 5.566 10.556 -8.846 5.465
3 16 11.105 -8.846 5.566 12.622 -8.846 6.255 11.105 -8.462 5.566
3 16 13.061 -8.462 6.602 11.105 -8.462 5.566 12.622 -8.846 6.255
3 16 13.061 -8.846 6.602 14.087 -8.846 7.923 13.061 -8.462 6.602
3 16 14.315 -8.462 8.436 13.061 -8.462 6.602 14.087 -8.846 7.923
3 16 14.315 -8.846 8.436 14.615 -8.846 10.087 14.315 -8.462 8.436
3 16 14.582 -8.462 10.649 14.315 -8.462 8.436 14.615 -8.846 10.087
3 16 14.582 -8.846 10.649 14.087 -8.846 12.251 14.582 -8.462 10.649
3 16 13.798 -8.462 12.733 14.582 -8.462 10.649 14.087 -8.846 12.251
3 16 13.798 -8.846 12.733 12.622 -8.846 13.920 13.798 -8.462 12.733
3 16 12.145 -8.462 14.211 13.798 -8.462 12.733 12.622 -8.846 13.920
3 16 12.145 -8.846 14.211 10.556 -8.846 14.710 12.145 -8.462 14.211
3 16 10.000 -8.462 14.744 12.145 -8.462 14.211 10.556 -8.846 14.710
3 16 10.000 -8.846 14.744 10.000 -8.462 14.744 10.556 -8.846 14.710
3 16 12.145 -8.846 14.211 12.145 -8.462 14.211 12.622 -8.846 13.920
3 16 13.798 -8.846 12.733 13.798 -8.462 12.733 14.087 -8.846 12.251
3 16 14.582 -8.846 10.649 14.582 -8.462 10.649 14.615 -8.846 10.087
3 16 14.315 -8.846 8.436 14.315 -8.462 8.436 14.087 -8.846 7.923
3 16 13.061 -8.846 6.602 13.061 -8.462 6.602 12.622 -8.846 6.255
3 16 11.105 -8.846 5.566 11.105 -8.462 5.566 10.556 -8.846 5.465
3 16 8.895 -8.846 5.566 8.895 -8.462 5.566 8.363 -8.846 5.733
3 16 6.939 -8.846 6.602 6.939 -8.462 6.602 6.545 -8.846 6.999
3 16 5.685 -8.846 8.436 5.685 -8.462 8.436 5.519 -8.846 8.973
3 16 5.418 -8.846 10.649 5.418 -8.462 10.649 5.519 -8.846 11.202
3 16 6.202 -8.846 12.733 6.202 -8.462 12.733 6.545 -8.846 13.175
3 16 7.855 -8.846 14.211 7.855 -8.462 14.211 8.363 -8.846 14.441
3 16 10.000 -5.000 16.015 11.406 -5.000 15.843 10.000 -8.462 14.744
3 16 12.145 -8.462 14.211 10.000 -8.462 14.744 11.406 -5.000 15.843
3 16 12.730 -5.000 15.336 13.896 -5.000 14.524 12.145 -8.462 14.211
3 16 13.798 -8.462 12.733 12.145 -8.462 14.211 13.896 -5.000 14.524
3 16 14.835 -5.000 13.455 15.493 -5.000 12.189 13.798 -8.462 12.733
3 16 14.582 -8.462 10.649 13.798 -8.462 12.733 15.493 -5.000 12.189
3 16 15.832 -5.000 10.802 15.832 -5.000 9.373 14.582 -8.462 10.649
3 16 14.315 -8.462 8.436 14.582 -8.462 10.649 15.832 -5.000 9.373
3 16 15.493 -5.000 7.985 14.835 -5.000 6.720 14.315 -8.462 8.436
3 16 13.061 -8.462 6.602 14.315 -8.462 8.436 14.835 -5.000 6.720
3 16 13.896 -5.000 5.650 12.730 -5.000 4.838 13.061 -8.462 6.602
3 16 11.105 -8.462 5.566 13.061 -8.462 6.602 12.730 -5.000 4.838
3 16 11.406 -5.000 4.332 10.000 -5.000 4.159 11.105 -8.462 5.566
3 16 8.895 -8.462 5.566 11.105 -8.462 5.566 10.000 -5.000 4.159
3 16 8.594 -5.000 4.332 7.270 -5.000 4.838 8.895 -8.462 5.566
3 16 6.939 -8.462 6.602 8.895 -8.462 5.566 7.270 -5.000 4.838
3 16 6.104 -5.000 5.650 5.165 -5.000 6.720 6.939 -8.462 6.602
3 16 5.685 -8.462 8.436 6.939 -8.462 6.602 5.165 -5.000 6.720
3 16 4.507 -5.000 7.985 4.168 -5.000 9.373 5.685 -8.462 8.436
3 16 5.418 -8.462 10.649 5.685 -8.462 8.436 4.168 -5.000 9.373
3 16 4.168 -5.000 10.802 4.507 -5.000 12.189 5.418 -8.462 10.649
3 16 6.202 -8.462 12.733 5.418 -8.462 10.649 4.507 -5.000 12.189
3 16 5.165 -5.000 13.455 6.104 -5.000 14.524 6.202 -8.462 12.733
3 16 7.855 -8.462 14.211 6.202 -8.462 12.733 6.104 -5.000 14.524
3 16 7.270 -5.000 15.336 8.594 -5.000 15.843 7.855 -8.462 14.211
3 16 10.000 -8.462 14.744 7.855 -8.462 14.211 8.594 -5.000 15.843
3 16 10.000 -5.000 16.015 10.000 -8.462 14.744 8.594 -5.000 15.843
3 16 7.270 -5.000 15.336 7.855 -8.462 14.211 6.104 -5.000 14.524
3 16 5.165 -5.000 13.455 6.202 -8.462 12.733 4.507 -5.000 12.189
3 16 4.168 -5.000 10.802 5.418 -8.462 10.649 4.168 -5.000 9.373
3 16 4.507 -5.000 7.985 5.685 -8.462 8.436 5.165 -5.000 6.720
3 16 6.104 -5.000 5.650 6.939 -8.462 6.602 7.270 -5.000 4.838
3 16 8.594 -5.000 4.332 8.895 -8.462 5.566 10.000 -5.000 4.159
3 16 11.406 -5.000 4.332 11.105 -8.462 5.566 12.730 -5.000 4.838
3 16 13.896 -5.000 5.650 13.061 -8.462 6.602 14.835 -5.000 6.720
3 16 15.493 -5.000 7.985 14.315 -8.462 8.436 15.832 -5.000 9.373
3 16 15.832 -5.000 10.802 14.582 -8.462 10.649 15.493 -5.000 12.189
3 16 14.835 -5.000 13.455 13.798 -8.462 12.733 13.896 -5.000 14.524
3 16 12.730 -5.000 15.336 12.145 -8.462 14.211 11.406 -5.000 15.843
3 16 10.000 -5.000 4.159 11.406 -5.000 4.332 10.000 -1.538 5.431
3 16 12.145 -1.538 5.964 10.000 -1.538 5.431 11.406 -5.000 4.332
3 16 12.730 -5.000 4.838 13.896 -5.000 5.650 12.145 -1.538 5.964
3 16 13.798 -1.538 7.442 12.145 -1.538 5.964 13.896 -5.000 5.650
3 16 14.835 -5.000 6.720 15.493 -5.000 7.985 13.798 -1.538 7.442
3 16 14.582 -1.538 9.526 13.798 -1.538 7.442 15.493 -5.000 7.985
3 16 15.832 -5.000 9.373 15.832 -5.000 10.802 14.582 -1.538 9.526
3 16 14.315 -1.538 11.739 14.582 -1.538 9.526 15.832 -5.000 10.802
3 16 15.493 -5.000 12.189 14.835 -5.000 13.455 14.315 -1.538 11.739
3 16 13.061 -1.538 13.573 14.315 -1.538 11.739 14.835 -5.000 13.455
3 16 13.896 -5.000 14.524 12.730 -5.000 15.336 13.061 -1.538 13.573
3 16 11.105 -1.538 14.609 13.061 -1.538 13.573 12.730 -5.000 15.336
3 16 10.000 -1.538 14.744 11.105 -1.538 14.609 10.000 -5.000 16.015
3 16 8.594 -5.000 15.843 8.895 -1.538 14.609 10.000 -5.000 16.015
3 16 10.000 -1.538 14.744 10.000 -5.000 16.015 8.895 -1.538 14.609
3 16 8.594 -5.000 15.843 7.270 -5.000 15.336 8.895 -1.538 14.609
3 16 6.939 -1.538 13.573 8.895 -1.538 14.609 7.270 -5.000 15.336
3 16 6.104 -5.000 14.524 5.165 -5.000 13.455 6.939 -1.538 13.573
3 16 5.685 -1.538 11.739 6.939 -1.538 13.573 5.165 -5.000 13.455
3 16 4.507 -5.000 12.189 4.168 -5.000 10.802 5.685 -1.538 11.739
3 16 5.418 -1.538 9.526 5.685 -1.538 11.739 4.168 -5.000 10.802
3 16 4.168 -5.000 9.373 4.507 -5.000 7.985 5.418 -1.538 9.526
3 16 6.202 -1.538 7.442 5.418 -1.538 9.526 4.507 -5.000 7.985
3 16 5.165 -5.000 6.720 6.104 -5.000 5.650 6.202 -1.538 7.442
3 16 7.855 -1.538 5.964 6.202 -1.538 7.442 6.104 -5.000 5.650
3 16 7.270 -5.000 4.838 8.594 -5.000 4.332 7.855 -1.538 5.964
3 16 10.000 -1.538 5.431 7.855 -1.538 5.964 8.594 -5.000 4.332
3 16 10.000 -5.000 4.159 10.000 -1.538 5.431 8.594 -5.000 4.332
3 16 7.270 -5.000 4.838 7.855 -1.538 5.964 6.104 -5.000 5.650
3 16 5.165 -5.000 6.720 6.202 -1.538 7.442 4.507 -5.000 7.985
3 16 4.168 -5.000 9.373 5.418 -1.538 9.526 4.168 -5.000 10.802
3 16 4.507 -5.000 12.189 5.685 -1.538 11.739 5.165 -5.000 13.455
3 16 6.104 -5.000 14.524 6.939 -1.538 13.573 7.270 -5.000 15.336
3 16 11.406 -5.000 15.843 10.000 -5.000 16.015 11.105 -1.538 14.609
3 16 11.406 -5.000 15.843 11.105 -1.538 14.609 12.730 -5.000 15.336
3 16 13.896 -5.000 14.524 13.061 -1.538 13.573 14.835 -5.000 13.455
3 16 15.493 -5.000 12.189 14.315 -1.538 11.739 15.832 -5.000 10.802
3 16 15.832 -5.000 9.373 14.582 -1.538 9.526 15.493 -5.000 7.985
3 16 14.835 -5.000 6.720 13.798 -1.538 7.442 13.896 -5.000 5.650
3 16 12.730 -5.000 4.838 12.145 -1.538 5.964 11.406 -5.000 4.332
3 16 8.895 -1.538 14.609 6.939 -1.538 13.573 10.000 -1.538 10.087
3 16 5.685 -1.538 11.739 10.000 -1.538 10.087 6.939 -1.538 13.573
3 16 5.418 -1.538 9.526 10.000 -1.538 10.087 5.685 -1.538 11.739
3 16 6.202 -1.538 7.442 10.000 -1.538 10.087 5.418 -1.538 9.526
3 16 7.855 -1.538 5.964 10.000 -1.538 10.087 6.202 -1.538 7.442
3 16 10.000 -1.538 5.431 10.000 -1.538 10.087 7.855 -1.538 5.964
3 16 12.145 -1.538 5.964 10.000 -1.538 10.087 10.000 -1.538 5.431
3 16 13.798 -1.538 7.442 10.000 -1.538 10.087 12.145 -1.538 5.964
3 16 14.582 -1.538 9.526 10.000 -1.538 10.087 13.798 -1.538 7.442
3 16 14.315 -1.538 11.739 10.000 -1.538 10.087 14.582 -1.538 9.526
3 16 13.061 -1.538 13.573 10.000 -1.538 10.087 14.315 -1.538 11.739
3 16 11.105 -1.538 14.609 10.000 -1.538 10.087 13.061 -1.538 13.573
3 16 10.000 -1.538 14.744 10.000 -1.538 10.087 11.105 -1.538 14.609
3 16 8.895 -1.538 14.609 10.000 -1.538 10.087 10.000 -1.538 14.744
2 24 7.954 -10.000 24.824 5.682 -10.000 26.406
2 24 3.069 0.000 6.720 2.308 0.000 10.087
2 24 8.895 -8.846 5.566 8.363 -8.846 5.733
2 24 8.895 -1.538 34.788 6.939 -1.538 33.752
2 24 3.069 -10.000 6.720 2.308 -10.000 10.087
2 24 5.685 -8.846 8.436 5.519 -8.846 8.973
2 24 16.931 0.000 6.720 14.796 0.000 4.019
2 24 5.385 -8.846 10.087 5.418 -8.846 10.649
2 24 13.061 -8.846 6.602 12.622 -8.846 6.255
2 24 6.939 -1.538 33.752 5.685 -1.538 31.918
2 24 11.105 -1.538 34.788 10.000 -1.538 34.923
2 24 8.288 -10.000 37.833 5.204 -10.000 36.334
2 24 5.685 -1.538 31.918 5.418 -1.538 29.705
2 24 10.695 -10.000 4.309 7.954 -10.000 4.645
2 24 11.105 -8.846 5.566 10.556 -8.846 5.465
2 24 10.556 -8.846 34.889 10.000 -8.846 34.923
2 24 5.204 0.000 36.334 3.069 0.000 33.634
2 24 6.202 -1.538 27.621 5.418 -1.538 29.705
2 24 5.519 -8.846 31.381 5.418 -8.846 30.828
2 24 5.204 -10.000 4.019 3.069 -10.000 6.720
2 24 13.277 -10.000 5.297 10.695 -10.000 4.309
2 24 10.000 -1.538 5.431 7.855 -1.538 5.964
2 24 12.622 -8.846 34.099 12.145 -8.846 34.390
2 24 3.069 0.000 33.634 2.308 0.000 30.266
2 24 7.855 -1.538 26.143 6.202 -1.538 27.621
2 24 13.277 -10.000 14.878 10.695 -10.000 15.866
2 24 12.145 -1.538 5.964 10.000 -1.538 5.431
2 24 7.954 -10.000 15.530 5.682 -10.000 13.947
2 24 15.108 -10.000 12.792 13.277 -10.000 14.878
2 24 10.000 -1.538 25.610 7.855 -1.538 26.143
2 24 14.796 0.000 36.334 11.712 0.000 37.833
2 24 12.145 -1.538 26.143 10.000 -1.538 25.610
2 24 13.061 -1.538 13.573 11.105 -1.538 14.609
2 24 13.798 -1.538 27.621 12.145 -1.538 26.143
2 24 13.061 -1.538 33.752 11.105 -1.538 34.788
2 24 13.277 -10.000 25.476 10.695 -10.000 24.488
2 24 10.000 -1.538 14.744 8.895 -1.538 14.609
2 24 14.582 -1.538 29.705 13.798 -1.538 27.621
2 24 8.288 -10.000 2.521 5.204 -10.000 4.019
2 24 7.954 -10.000 4.645 5.682 -10.000 6.227
2 24 0.000 -7.692 10.087 0.000 -7.692 30.266
2 24 14.582 -1.538 29.705 14.315 -1.538 31.918
2 24 4.398 -10.000 28.873 4.231 -10.000 30.266
2 24 5.682 -10.000 26.406 4.398 -10.000 28.873
2 24 5.685 -8.846 28.615 5.519 -8.846 29.152
2 24 17.692 0.000 10.087 17.692 0.000 30.266
2 24 5.204 -10.000 36.334 3.069 -10.000 33.634
2 24 14.315 -1.538 31.918 13.061 -1.538 33.752
2 24 6.939 -8.846 26.781 6.545 -8.846 27.178
2 24 6.939 -8.846 6.602 6.545 -8.846 6.999
2 24 5.685 -1.538 11.739 5.418 -1.538 9.526
2 24 3.069 -10.000 33.634 2.308 -10.000 30.266
2 24 6.545 -8.846 13.175 6.202 -8.846 12.733
2 24 6.202 -1.538 7.442 5.418 -1.538 9.526
2 24 10.000 -1.538 34.923 8.895 -1.538 34.788
2 24 10.695 -10.000 24.488 7.954 -10.000 24.824
2 24 11.105 -1.538 14.609 10.000 -1.538 14.744
2 24 11.712 -10.000 2.521 8.288 -10.000 2.521
2 24 13.798 -1.538 7.442 12.145 -1.538 5.964
2 24 14.796 0.000 4.019 11.712 0.000 2.521
2 24 16.931 0.000 33.634 14.796 0.000 36.334
2 24 15.769 -10.000 30.266 15.108 -10.000 27.561
2 24 14.582 -1.538 9.526 13.798 -1.538 7.442
2 24 8.895 -1.538 14.609 6.939 -1.538 13.573
2 24 13.061 -8.846 26.781 12.622 -8.846 26.434
2 24 14.796 -10.000 36.334 11.712 -10.000 37.833
2 24 8.895 -8.846 25.745 8.363 -8.846 25.912
2 24 10.695 -10.000 15.866 7.954 -10.000 15.530
2 24 10.556 -8.846 14.710 10.000 -8.846 14.744
2 24 5.385 -8.846 30.266 5.418 -8.846 30.828
2 24 4.398 -10.000 31.659 4.231 -10.000 30.266
2 24 5.682 -10.000 6.227 4.398 -10.000 8.694
2 24 14.315 -1.538 11.739 13.061 -1.538 13.573
2 24 14.615 -8.846 30.266 14.582 -8.846 30.828
2 24 16.931 -10.000 6.720 14.796 -10.000 4.019
2 24 8.363 -8.846 34.620 7.855 -8.846 34.390
2 24 11.712 -10.000 37.833 8.288 -10.000 37.833
2 24 5.682 -10.000 34.126 4.398 -10.000 31.659
2 24 8.288 0.000 2.521 5.204 0.000 4.019
2 24 8.363 -8.846 14.441 7.855 -8.846 14.211
2 24 11.105 -8.846 25.745 10.556 -8.846 25.644
2 24 5.204 0.000 4.019 3.069 0.000 6.720
2 24 6.939 -1.538 13.573 5.685 -1.538 11.739
2 24 7.855 -1.538 5.964 6.202 -1.538 7.442
2 24 15.769 -10.000 30.266 15.108 -10.000 32.971
2 24 15.769 -10.000 10.087 15.108 -10.000 12.792
2 24 20.000 -2.308 10.087 20.000 -2.308 30.266
2 24 15.108 -10.000 27.561 13.277 -10.000 25.476
2 24 4.398 -10.000 8.694 4.231 -10.000 10.087
2 24 14.796 -10.000 4.019 11.712 -10.000 2.521
2 24 5.519 -8.846 11.202 5.418 -8.846 10.649
2 24 14.087 -8.846 12.251 13.798 -8.846 12.733
2 24 0.000 -2.308 10.087 0.000 -2.308 30.266
2 24 2.308 0.000 10.087 2.308 0.000 30.266
2 24 12.622 -8.846 13.920 12.145 -8.846 14.211
2 24 15.108 -10.000 7.382 13.277 -10.000 5.297
2 24 4.398 -10.000 11.480 4.231 -10.000 10.087
2 24 14.582 -1.538 9.526 14.315 -1.538 11.739
2 24 14.315 -8.846 28.615 14.087 -8.846 28.102
2 24 15.108 -10.000 32.971 13.277 -10.000 35.057
2 24 2.308 -10.000 10.087 2.308 -10.000 30.266
2 24 16.931 -10.000 33.634 14.796 -10.000 36.334
2 24 14.087 -8.846 32.430 13.798 -8.846 32.912
2 24 17.692 0.000 30.266 16.931 0.000 33.634
2 24 14.315 -8.846 8.436 14.087 -8.846 7.923
2 24 14.615 -8.846 10.087 14.582 -8.846 10.649
2 24 6.545 -8.846 33.354 6.202 -8.846 32.912
2 24 13.277 -10.000 35.057 10.695 -10.000 36.045
2 24 7.954 -10.000 35.709 5.682 -10.000 34.126
2 24 10.695 -10.000 36.045 7.954 -10.000 35.709
2 24 15.769 -10.000 10.087 15.108 -10.000 7.382
2 24 17.692 -10.000 10.087 17.692 -10.000 30.266
2 24 20.000 -7.692 10.087 20.000 -7.692 30.266
2 24 17.692 -10.000 30.266 16.931 -10.000 33.634
2 24 17.692 0.000 10.087 16.931 0.000 6.720
2 24 17.692 -10.000 10.087 16.931 -10.000 6.720
2 24 11.712 0.000 37.833 8.288 0.000 37.833
2 24 11.712 0.000 2.521 8.288 0.000 2.521
2 24 8.288 0.000 37.833 5.204 0.000 36.334
